,CODDEPTO,DEPARTAMENTO,Codigo,MUNICIPIO,SE,CONFIRMADOS,ACTIVOS,FALLECIDOS,RECUPERADOS(*),fecha
0,1,CHUQUISACA,10101,SUCRE,20,14,11,2,1,2020-05-10
1,1,CHUQUISACA,10501,MONTEAGUDO,20,1,1,0,0,2020-05-10
2,1,CHUQUISACA,10902,CULPINA,20,1,1,0,0,2020-05-10
3,2,LA PAZ,20101,LA PAZ,20,152,59,8,85,2020-05-10
4,2,LA PAZ,20105,EL ALTO,20,126,70,8,48,2020-05-10
5,2,LA PAZ,20201,ACHACACHI,20,1,0,0,1,2020-05-10
6,2,LA PAZ,20801,VIACHA,20,5,3,0,2,2020-05-10
7,2,LA PAZ,20904,MALLA,20,1,1,0,0,2020-05-10
8,2,LA PAZ,20905,CAIROMA,20,11,2,0,9,2020-05-10
9,2,LA PAZ,21003,CAJUATA,20,1,0,0,1,2020-05-10
10,2,LA PAZ,21101,CHULUMANI (V. DE LA LIBERTAD),20,1,1,0,0,2020-05-10
11,2,LA PAZ,21202,LAJA,20,1,1,0,0,2020-05-10
12,2,LA PAZ,21301,SICA SICA (VILLA AROMA),20,2,0,1,1,2020-05-10
13,2,LA PAZ,21302,UMALA,20,4,4,0,0,2020-05-10
14,2,LA PAZ,21305,PATACAMAYA,20,27,16,2,9,2020-05-10
15,2,LA PAZ,21701,COPACABANA,20,1,0,0,1,2020-05-10
16,3,COCHABAMBA,30101,COCHABAMBA,20,71,54,2,15,2020-05-10
17,3,COCHABAMBA,30203,OMEREQUE,20,5,0,0,5,2020-05-10
18,3,COCHABAMBA,30301,AYOPAYA (V. DE INDEPENDENCIA),20,1,1,0,0,2020-05-10
19,3,COCHABAMBA,30401,TARATA,20,1,1,0,0,2020-05-10
20,3,COCHABAMBA,30501,ARANI,20,1,1,0,0,2020-05-10
21,3,COCHABAMBA,30502,VACAS,20,1,1,0,0,2020-05-10
22,3,COCHABAMBA,30702,SANTIVAÑES,20,12,1,0,11,2020-05-10
23,3,COCHABAMBA,30801,CLIZA,20,2,0,1,1,2020-05-10
24,3,COCHABAMBA,30901,QUILLACOLLO,20,23,9,1,13,2020-05-10
25,3,COCHABAMBA,30902,SIPE SIPE,20,18,17,1,0,2020-05-10
26,3,COCHABAMBA,30903,TIQUIPAYA,20,2,2,0,0,2020-05-10
27,3,COCHABAMBA,30904,VINTO,20,2,1,1,0,2020-05-10
28,3,COCHABAMBA,30905,COLCAPIRHUA,20,2,2,0,0,2020-05-10
29,3,COCHABAMBA,31001,SACABA,20,50,48,1,1,2020-05-10
30,3,COCHABAMBA,31002,COLOMI,20,1,1,0,0,2020-05-10
31,3,COCHABAMBA,31003,VILLA TUNARI,20,4,4,0,0,2020-05-10
32,3,COCHABAMBA,31204,CHIMORE,20,1,0,0,1,2020-05-10
33,3,COCHABAMBA,31205,PUERTO VILLARROEL,20,1,1,0,0,2020-05-10
34,3,COCHABAMBA,31206,ENTRE RIOS CBBA,20,1,1,0,0,2020-05-10
35,3,COCHABAMBA,31401,PUNATA,20,8,4,1,3,2020-05-10
36,3,COCHABAMBA,31403,SAN BENITO,20,7,6,1,0,2020-05-10
37,3,COCHABAMBA,31602,SHINAOTA,20,0,0,0,0,2020-05-10
38,4,ORURO,40101,ORURO,20,86,41,5,40,2020-05-10
39,4,ORURO,40202,SANTUARIO DE QUILLACAS,20,3,1,0,2,2020-05-10
40,4,ORURO,40701,HUANUNI,20,33,15,0,18,2020-05-10
41,4,ORURO,41101,EUCALIPTUS,20,11,1,4,6,2020-05-10
42,5,POTOSI,50101,POTOSI,20,29,18,1,10,2020-05-10
43,5,POTOSI,50901,"COLCHA ""K""",20,4,4,0,0,2020-05-10
44,5,POTOSI,51201,UYUNI,20,3,2,0,1,2020-05-10
45,6,TARIJA,60101,TARIJA,20,11,9,0,2,2020-05-10
46,6,TARIJA,60301,YACUIBA,20,1,0,1,0,2020-05-10
47,6,TARIJA,60501,SAN LORENZO(TJA),20,1,1,0,0,2020-05-10
48,7,SANTA CRUZ,70101,SANTA CRUZ DE LA SIERRA,20,1501,1358,55,88,2020-05-10
49,7,SANTA CRUZ,70102,COTOCA,20,11,11,0,0,2020-05-10
50,7,SANTA CRUZ,70103,PORONGO,20,3,2,0,1,2020-05-10
51,7,SANTA CRUZ,70104,LA GUARDIA,20,101,95,3,3,2020-05-10
52,7,SANTA CRUZ,70105,EL TORNO,20,42,41,1,0,2020-05-10
53,7,SANTA CRUZ,70201,WARNES,20,77,76,1,0,2020-05-10
54,7,SANTA CRUZ,70202,OKINAWA UNO,20,1,1,0,0,2020-05-10
55,7,SANTA CRUZ,70401,BUENA VISTA,20,5,5,0,0,2020-05-10
56,7,SANTA CRUZ,70402,SAN CARLOS,20,1,0,0,1,2020-05-10
57,7,SANTA CRUZ,70403,YAPACANI,20,6,6,0,0,2020-05-10
58,7,SANTA CRUZ,70404,SAN JUAN DE YAPACANI,20,7,7,0,0,2020-05-10
59,7,SANTA CRUZ,70501,SAN JOSÉ DE CHIQUITOS,20,0,0,0,0,2020-05-10
60,7,SANTA CRUZ,70502,PAILON,20,10,10,0,0,2020-05-10
61,7,SANTA CRUZ,70503,ROBORÉ,20,7,3,1,3,2020-05-10
62,7,SANTA CRUZ,70601,PORTACHUELO,20,34,33,1,0,2020-05-10
63,7,SANTA CRUZ,70602,SANTA ROSA DEL SARA,20,19,19,0,0,2020-05-10
64,7,SANTA CRUZ,70603,COLPA BÉLGICA,20,14,13,1,0,2020-05-10
65,7,SANTA CRUZ,70701,LAGUNILLAS,20,0,0,0,0,2020-05-10
66,7,SANTA CRUZ,70703,CABEZAS,20,3,3,0,0,2020-05-10
67,7,SANTA CRUZ,70706,CAMIRI,20,7,7,0,0,2020-05-10
68,7,SANTA CRUZ,70801,VALLE GRANDE,20,9,5,0,4,2020-05-10
69,7,SANTA CRUZ,70803,MORO MORO,20,8,8,0,0,2020-05-10
70,7,SANTA CRUZ,70901,SAMAIPATA,20,2,2,0,0,2020-05-10
71,7,SANTA CRUZ,70902,PAMPA GRANDE,20,0,0,0,0,2020-05-10
72,7,SANTA CRUZ,70903,MAIRANA,20,19,17,2,0,2020-05-10
73,7,SANTA CRUZ,70904,QUIRUSILLAS,20,0,0,0,0,2020-05-10
74,7,SANTA CRUZ,71001,MONTERO,20,523,489,17,17,2020-05-10
75,7,SANTA CRUZ,71002,GRAL. SAAVEDRA,20,15,15,0,0,2020-05-10
76,7,SANTA CRUZ,71003,MINEROS,20,29,29,0,0,2020-05-10
77,7,SANTA CRUZ,71004,FERNÁNDEZ ALONSO,20,23,22,1,0,2020-05-10
78,7,SANTA CRUZ,71005,SAN PEDRO,20,32,32,0,0,2020-05-10
79,7,SANTA CRUZ,71101,CONCEPCIÓN,20,2,2,0,0,2020-05-10
80,7,SANTA CRUZ,71104,SAN JULIÁN,20,3,3,0,0,2020-05-10
81,7,SANTA CRUZ,71106,CUATRO CAÑADAS,20,3,2,1,0,2020-05-10
82,7,SANTA CRUZ,71401,PUERTO SUAREZ,20,1,1,0,0,2020-05-10
83,7,SANTA CRUZ,71501,ASCENCIÓN DE GUARAYOS,20,0,0,0,0,2020-05-10
84,8,BENI,80101,TRINIDAD,20,534,491,39,4,2020-05-10
85,8,BENI,80201,RIBERALTA,20,0,0,0,0,2020-05-10
86,8,BENI,80202,GUAYARAMERIN,20,5,5,0,0,2020-05-10
87,8,BENI,80302,SAN BORJA,20,0,0,0,0,2020-05-10
88,8,BENI,80401,SANTA ANA,20,0,0,0,0,2020-05-10
89,8,BENI,80501,SAN IGNACIO,20,2,2,0,0,2020-05-10
90,8,BENI,80602,SAN ANDRES,20,10,10,0,0,2020-05-10
91,8,BENI,80702,SAN RAMON BENI,20,0,0,0,0,2020-05-10
92,9,PANDO,90101,COBIJA,20,12,5,1,6,2020-05-10
93,1,CHUQUISACA,10101,SUCRE,21,17,4,2,11,2020-05-17
94,1,CHUQUISACA,10304,ICLA,21,1,1,0,0,2020-05-17
95,1,CHUQUISACA,10501,MONTEAGUDO,21,2,2,0,0,2020-05-17
96,1,CHUQUISACA,10902,CULPINA,21,1,1,0,0,2020-05-17
97,2,LA PAZ,20101,LA PAZ,21,179,72,9,98,2020-05-17
98,2,LA PAZ,20105,EL ALTO,21,146,67,10,69,2020-05-17
99,2,LA PAZ,20201,ACHACACHI,21,1,0,0,1,2020-05-17
100,2,LA PAZ,20801,VIACHA,21,5,2,0,3,2020-05-17
101,2,LA PAZ,20904,MALLA,21,1,1,0,0,2020-05-17
102,2,LA PAZ,20905,CAIROMA,21,11,0,0,11,2020-05-17
103,2,LA PAZ,21003,CAJUATA,21,1,0,0,1,2020-05-17
104,2,LA PAZ,21101,CHULUMANI (V. DE LA LIBERTAD),21,1,1,0,0,2020-05-17
105,2,LA PAZ,21202,LAJA,21,1,1,0,0,2020-05-17
106,2,LA PAZ,21301,SICA SICA (VILLA AROMA),21,2,0,1,1,2020-05-17
107,2,LA PAZ,21302,UMALA,21,8,7,1,0,2020-05-17
108,2,LA PAZ,21305,PATACAMAYA,21,27,9,2,16,2020-05-17
109,2,LA PAZ,21701,COPACABANA,21,1,0,0,1,2020-05-17
110,2,LA PAZ,22001,CARANAVI,21,3,3,0,0,2020-05-17
111,3,COCHABAMBA,30101,COCHABAMBA,21,97,79,3,15,2020-05-17
112,3,COCHABAMBA,30203,OMEREQUE,21,5,0,0,5,2020-05-17
113,3,COCHABAMBA,30301,AYOPAYA (V. DE INDEPENDENCIA),21,1,1,0,0,2020-05-17
114,3,COCHABAMBA,30401,TARATA,21,2,2,0,0,2020-05-17
115,3,COCHABAMBA,30501,ARANI,21,2,2,0,0,2020-05-17
116,3,COCHABAMBA,30502,VACAS,21,2,2,0,0,2020-05-17
117,3,COCHABAMBA,30702,SANTIVAÑES,21,12,0,0,12,2020-05-17
118,3,COCHABAMBA,30801,CLIZA,21,2,0,1,1,2020-05-17
119,3,COCHABAMBA,30901,QUILLACOLLO,21,26,9,2,15,2020-05-17
120,3,COCHABAMBA,30902,SIPE SIPE,21,16,15,1,0,2020-05-17
121,3,COCHABAMBA,30903,TIQUIPAYA,21,2,2,0,0,2020-05-17
122,3,COCHABAMBA,30904,VINTO,21,7,6,1,0,2020-05-17
123,3,COCHABAMBA,30905,COLCAPIRHUA,21,2,2,0,0,2020-05-17
124,3,COCHABAMBA,31001,SACABA,21,60,57,2,1,2020-05-17
125,3,COCHABAMBA,31002,COLOMI,21,1,0,1,0,2020-05-17
126,3,COCHABAMBA,31003,VILLA TUNARI,21,16,16,0,0,2020-05-17
127,3,COCHABAMBA,31204,CHIMORE,21,6,5,0,1,2020-05-17
128,3,COCHABAMBA,31205,PUERTO VILLARROEL,21,4,4,0,0,2020-05-17
129,3,COCHABAMBA,31206,ENTRE RIOS CBBA,21,9,9,0,0,2020-05-17
130,3,COCHABAMBA,31401,PUNATA,21,13,7,1,5,2020-05-17
131,3,COCHABAMBA,31403,SAN BENITO,21,8,7,1,0,2020-05-17
132,3,COCHABAMBA,31602,SHINAOTA,21,2,2,0,0,2020-05-17
133,4,ORURO,40101,ORURO,21,92,40,6,46,2020-05-17
134,4,ORURO,40202,SANTUARIO DE QUILLACAS,21,3,1,0,2,2020-05-17
135,4,ORURO,40701,HUANUNI,21,39,20,3,16,2020-05-17
136,4,ORURO,41101,EUCALIPTUS,21,11,1,4,6,2020-05-17
137,5,POTOSI,50101,POTOSI,21,29,14,1,14,2020-05-17
138,5,POTOSI,50203,LLALLAGUA,21,5,5,0,0,2020-05-17
139,5,POTOSI,50901,"COLCHA ""K""",21,4,4,0,0,2020-05-17
140,5,POTOSI,51201,UYUNI,21,3,0,0,3,2020-05-17
141,6,TARIJA,60101,TARIJA,21,15,9,1,5,2020-05-17
142,6,TARIJA,60301,YACUIBA,21,1,0,1,0,2020-05-17
143,6,TARIJA,60303,VILLA MONTES,21,1,1,0,0,2020-05-17
144,6,TARIJA,60501,SAN LORENZO(TJA),21,1,0,0,1,2020-05-17
145,7,SANTA CRUZ,70101,SANTA CRUZ DE LA SIERRA,21,2427,2221,76,130,2020-05-17
146,7,SANTA CRUZ,70102,COTOCA,21,22,21,1,0,2020-05-17
147,7,SANTA CRUZ,70103,PORONGO,21,9,8,0,1,2020-05-17
148,7,SANTA CRUZ,70104,LA GUARDIA,21,159,147,4,8,2020-05-17
149,7,SANTA CRUZ,70105,EL TORNO,21,69,67,1,1,2020-05-17
150,7,SANTA CRUZ,70201,WARNES,21,97,96,1,0,2020-05-17
151,7,SANTA CRUZ,70202,OKINAWA UNO,21,2,2,0,0,2020-05-17
152,7,SANTA CRUZ,70401,BUENA VISTA,21,12,12,0,0,2020-05-17
153,7,SANTA CRUZ,70402,SAN CARLOS,21,2,1,0,1,2020-05-17
154,7,SANTA CRUZ,70403,YAPACANI,21,17,17,0,0,2020-05-17
155,7,SANTA CRUZ,70404,SAN JUAN DE YAPACANI,21,8,8,0,0,2020-05-17
156,7,SANTA CRUZ,70501,SAN JOSÉ DE CHIQUITOS,21,2,2,0,0,2020-05-17
157,7,SANTA CRUZ,70502,PAILON,21,19,18,1,0,2020-05-17
158,7,SANTA CRUZ,70503,ROBORÉ,21,7,3,1,3,2020-05-17
159,7,SANTA CRUZ,70601,PORTACHUELO,21,85,84,1,0,2020-05-17
160,7,SANTA CRUZ,70602,SANTA ROSA DEL SARA,21,21,21,0,0,2020-05-17
161,7,SANTA CRUZ,70603,COLPA BÉLGICA,21,23,21,2,0,2020-05-17
162,7,SANTA CRUZ,70701,LAGUNILLAS,21,4,4,0,0,2020-05-17
163,7,SANTA CRUZ,70703,CABEZAS,21,8,8,0,0,2020-05-17
164,7,SANTA CRUZ,70706,CAMIRI,21,7,7,0,0,2020-05-17
165,7,SANTA CRUZ,70801,VALLE GRANDE,21,9,5,0,4,2020-05-17
166,7,SANTA CRUZ,70803,MORO MORO,21,12,12,0,0,2020-05-17
167,7,SANTA CRUZ,70901,SAMAIPATA,21,2,2,0,0,2020-05-17
168,7,SANTA CRUZ,70902,PAMPA GRANDE,21,5,4,1,0,2020-05-17
169,7,SANTA CRUZ,70903,MAIRANA,21,25,22,2,1,2020-05-17
170,7,SANTA CRUZ,70904,QUIRUSILLAS,21,1,1,0,0,2020-05-17
171,7,SANTA CRUZ,71001,MONTERO,21,681,628,24,29,2020-05-17
172,7,SANTA CRUZ,71002,GRAL. SAAVEDRA,21,23,23,0,0,2020-05-17
173,7,SANTA CRUZ,71003,MINEROS,21,38,38,0,0,2020-05-17
174,7,SANTA CRUZ,71004,FERNÁNDEZ ALONSO,21,31,30,1,0,2020-05-17
175,7,SANTA CRUZ,71005,SAN PEDRO,21,55,54,0,1,2020-05-17
176,7,SANTA CRUZ,71101,CONCEPCIÓN,21,2,2,0,0,2020-05-17
177,7,SANTA CRUZ,71104,SAN JULIÁN,21,4,4,0,0,2020-05-17
178,7,SANTA CRUZ,71106,CUATRO CAÑADAS,21,8,7,1,0,2020-05-17
179,7,SANTA CRUZ,71401,PUERTO SUAREZ,21,3,3,0,0,2020-05-17
180,7,SANTA CRUZ,71501,ASCENCIÓN DE GUARAYOS,21,1,1,0,0,2020-05-17
181,8,BENI,80101,TRINIDAD,21,1046,977,65,4,2020-05-17
182,8,BENI,80201,RIBERALTA,21,4,4,0,0,2020-05-17
183,8,BENI,80202,GUAYARAMERIN,21,29,28,1,0,2020-05-17
184,8,BENI,80302,SAN BORJA,21,1,1,0,0,2020-05-17
185,8,BENI,80401,SANTA ANA,21,1,1,0,0,2020-05-17
186,8,BENI,80501,SAN IGNACIO,21,4,4,0,0,2020-05-17
187,8,BENI,80602,SAN ANDRES,21,11,11,0,0,2020-05-17
188,8,BENI,80702,SAN RAMON BENI,21,1,0,1,0,2020-05-17
189,9,PANDO,90101,COBIJA,21,12,5,1,6,2020-05-17
190,1,CHUQUISACA,10101,SUCRE,22,19,5,2,12,2020-05-24
191,1,CHUQUISACA,10304,ICLA,22,1,1,0,0,2020-05-24
192,1,CHUQUISACA,10501,MONTEAGUDO,22,4,4,0,0,2020-05-24
193,1,CHUQUISACA,10902,CULPINA,22,1,1,0,0,2020-05-24
194,2,LA PAZ,20101,LA PAZ,22,208,72,11,125,2020-05-24
195,2,LA PAZ,20104,ACHOCALLA,22,3,3,0,0,2020-05-24
196,2,LA PAZ,20105,EL ALTO,22,187,95,12,80,2020-05-24
197,2,LA PAZ,20201,ACHACACHI,22,1,0,0,1,2020-05-24
198,2,LA PAZ,20801,VIACHA,22,19,16,0,3,2020-05-24
199,2,LA PAZ,20904,MALLA,22,1,1,0,0,2020-05-24
200,2,LA PAZ,20905,CAIROMA,22,11,0,0,11,2020-05-24
201,2,LA PAZ,21003,CAJUATA,22,1,0,0,1,2020-05-24
202,2,LA PAZ,21004,COLQUIRI,22,2,2,0,0,2020-05-24
203,2,LA PAZ,21101,CHULUMANI (V. DE LA LIBERTAD),22,1,1,0,0,2020-05-24
204,2,LA PAZ,21202,LAJA,22,1,1,0,0,2020-05-24
205,2,LA PAZ,21301,SICA SICA (VILLA AROMA),22,2,0,1,1,2020-05-24
206,2,LA PAZ,21302,UMALA,22,10,9,1,0,2020-05-24
207,2,LA PAZ,21305,PATACAMAYA,22,27,7,2,18,2020-05-24
208,2,LA PAZ,21701,COPACABANA,22,1,0,0,1,2020-05-24
209,2,LA PAZ,22001,CARANAVI,22,3,3,0,0,2020-05-24
210,3,COCHABAMBA,30101,COCHABAMBA,22,195,171,4,20,2020-05-24
211,3,COCHABAMBA,30203,OMEREQUE,22,5,0,0,5,2020-05-24
212,3,COCHABAMBA,30301,AYOPAYA (V. DE INDEPENDENCIA),22,1,1,0,0,2020-05-24
213,3,COCHABAMBA,30401,TARATA,22,2,2,0,0,2020-05-24
214,3,COCHABAMBA,30501,ARANI,22,3,3,0,0,2020-05-24
215,3,COCHABAMBA,30502,VACAS,22,2,2,0,0,2020-05-24
216,3,COCHABAMBA,30701,CAPINOTA,22,1,1,0,0,2020-05-24
217,3,COCHABAMBA,30702,SANTIVAÑES,22,12,0,0,12,2020-05-24
218,3,COCHABAMBA,30801,CLIZA,22,2,0,1,1,2020-05-24
219,3,COCHABAMBA,30803,TOLATA,22,1,1,0,0,2020-05-24
220,3,COCHABAMBA,30901,QUILLACOLLO,22,52,35,2,15,2020-05-24
221,3,COCHABAMBA,30902,SIPE SIPE,22,17,16,1,0,2020-05-24
222,3,COCHABAMBA,30903,TIQUIPAYA,22,5,5,0,0,2020-05-24
223,3,COCHABAMBA,30904,VINTO,22,11,10,1,0,2020-05-24
224,3,COCHABAMBA,30905,COLCAPIRHUA,22,6,6,0,0,2020-05-24
225,3,COCHABAMBA,31001,SACABA,22,103,97,5,1,2020-05-24
226,3,COCHABAMBA,31002,COLOMI,22,3,2,1,0,2020-05-24
227,3,COCHABAMBA,31003,VILLA TUNARI,22,19,19,0,0,2020-05-24
228,3,COCHABAMBA,31204,CHIMORE,22,15,13,1,1,2020-05-24
229,3,COCHABAMBA,31205,PUERTO VILLARROEL,22,20,19,1,0,2020-05-24
230,3,COCHABAMBA,31206,ENTRE RIOS CBBA,22,39,35,4,0,2020-05-24
231,3,COCHABAMBA,31401,PUNATA,22,18,12,1,5,2020-05-24
232,3,COCHABAMBA,31403,SAN BENITO,22,8,7,1,0,2020-05-24
233,3,COCHABAMBA,31501,BOLIVAR,22,1,1,0,0,2020-05-24
234,3,COCHABAMBA,31602,SHINAOTA,22,15,15,0,0,2020-05-24
235,4,ORURO,40101,ORURO,22,120,64,7,49,2020-05-24
236,4,ORURO,40202,SANTUARIO DE QUILLACAS,22,3,1,0,2,2020-05-24
237,4,ORURO,40701,HUANUNI,22,49,29,4,16,2020-05-24
238,4,ORURO,41101,EUCALIPTUS,22,18,9,3,6,2020-05-24
239,5,POTOSI,50101,POTOSI,22,32,8,2,22,2020-05-24
240,5,POTOSI,50201,UNCIA,22,1,1,0,0,2020-05-24
241,5,POTOSI,50203,LLALLAGUA,22,8,8,0,0,2020-05-24
242,5,POTOSI,50901,"COLCHA ""K""",22,4,1,0,3,2020-05-24
243,5,POTOSI,51201,UYUNI,22,3,0,0,3,2020-05-24
244,6,TARIJA,60101,TARIJA,22,24,17,1,6,2020-05-24
245,6,TARIJA,60201,PADCAYA,22,1,1,0,0,2020-05-24
246,6,TARIJA,60301,YACUIBA,22,1,0,1,0,2020-05-24
247,6,TARIJA,60302,CARAPARI,22,1,1,0,0,2020-05-24
248,6,TARIJA,60303,VILLA MONTES,22,4,3,1,0,2020-05-24
249,6,TARIJA,60501,SAN LORENZO(TJA),22,1,0,0,1,2020-05-24
250,7,SANTA CRUZ,70101,SANTA CRUZ,22,4188,3827,102,259,2020-05-24
251,7,SANTA CRUZ,70102,COTOCA,22,51,47,1,3,2020-05-24
252,7,SANTA CRUZ,70103,PORONGO,22,27,26,0,1,2020-05-24
253,7,SANTA CRUZ,70104,LA GUARDIA,22,262,238,5,19,2020-05-24
254,7,SANTA CRUZ,70105,EL TORNO,22,119,106,1,12,2020-05-24
255,7,SANTA CRUZ,70201,WARNES,22,137,133,2,2,2020-05-24
256,7,SANTA CRUZ,70202,OKINAWA UNO,22,8,8,0,0,2020-05-24
257,7,SANTA CRUZ,70301,SAN IGNACIO DE VELASCO,22,2,2,0,0,2020-05-24
258,7,SANTA CRUZ,70401,BUENA VISTA,22,14,14,0,0,2020-05-24
259,7,SANTA CRUZ,70402,SAN CARLOS,22,10,9,0,1,2020-05-24
260,7,SANTA CRUZ,70403,YAPACANI,22,34,34,0,0,2020-05-24
261,7,SANTA CRUZ,70404,SAN JUAN DE YAPACANI,22,10,10,0,0,2020-05-24
262,7,SANTA CRUZ,70501,SAN JOSÉ DE CHIQUITOS,22,16,15,1,0,2020-05-24
263,7,SANTA CRUZ,70502,PAILON,22,35,34,1,0,2020-05-24
264,7,SANTA CRUZ,70503,ROBORÉ,22,7,1,1,5,2020-05-24
265,7,SANTA CRUZ,70601,PORTACHUELO,22,132,130,2,0,2020-05-24
266,7,SANTA CRUZ,70602,SANTA ROSA DEL SARA,22,25,20,0,5,2020-05-24
267,7,SANTA CRUZ,70603,COLPA BÉLGICA,22,38,36,2,0,2020-05-24
268,7,SANTA CRUZ,70701,LAGUNILLAS,22,4,4,0,0,2020-05-24
269,7,SANTA CRUZ,70703,CABEZAS,22,15,13,0,2,2020-05-24
270,7,SANTA CRUZ,70706,CAMIRI,22,16,9,0,7,2020-05-24
271,7,SANTA CRUZ,70801,VALLE GRANDE,22,10,6,0,4,2020-05-24
272,7,SANTA CRUZ,70803,MORO MORO,22,19,19,0,0,2020-05-24
273,7,SANTA CRUZ,70901,SAMAIPATA,22,4,4,0,0,2020-05-24
274,7,SANTA CRUZ,70902,PAMPA GRANDE,22,5,4,1,0,2020-05-24
275,7,SANTA CRUZ,70903,MAIRANA,22,27,24,2,1,2020-05-24
276,7,SANTA CRUZ,70904,QUIRUSILLAS,22,1,1,0,0,2020-05-24
277,7,SANTA CRUZ,71001,MONTERO,22,992,913,26,53,2020-05-24
278,7,SANTA CRUZ,71002,GRAL. SAAVEDRA,22,34,34,0,0,2020-05-24
279,7,SANTA CRUZ,71003,MINEROS,22,71,71,0,0,2020-05-24
280,7,SANTA CRUZ,71004,FERNÁNDEZ ALONSO,22,49,48,1,0,2020-05-24
281,7,SANTA CRUZ,71005,SAN PEDRO,22,131,130,0,1,2020-05-24
282,7,SANTA CRUZ,71101,CONCEPCIÓN,22,4,4,0,0,2020-05-24
283,7,SANTA CRUZ,71104,SAN JULIÁN,22,12,10,0,2,2020-05-24
284,7,SANTA CRUZ,71105,SAN ANTONIO DE LOMERÍO,22,2,2,0,0,2020-05-24
285,7,SANTA CRUZ,71106,CUATRO CAÑADAS,22,15,14,1,0,2020-05-24
286,7,SANTA CRUZ,71201,SAN MATIAS,22,3,3,0,0,2020-05-24
287,7,SANTA CRUZ,71401,PUERTO SUAREZ,22,4,4,0,0,2020-05-24
288,7,SANTA CRUZ,71501,ASCENCIÓN DE GUARAYOS,22,9,9,0,0,2020-05-24
289,8,BENI,80101,TRINIDAD,22,1551,1459,84,8,2020-05-24
290,8,BENI,80201,RIBERALTA,22,17,17,0,0,2020-05-24
291,8,BENI,80202,GUAYARAMERIN,22,115,111,4,0,2020-05-24
292,8,BENI,80302,SAN BORJA,22,1,1,0,0,2020-05-24
293,8,BENI,80401,SANTA ANA,22,3,3,0,0,2020-05-24
294,8,BENI,80501,SAN IGNACIO,22,5,5,0,0,2020-05-24
295,8,BENI,80602,SAN ANDRES,22,14,14,0,0,2020-05-24
296,8,BENI,80702,SAN RAMON BENI,22,1,0,1,0,2020-05-24
297,9,PANDO,90101,COBIJA,22,14,6,1,7,2020-05-24
298,1,CHUQUISACA,10101,SUCRE,23,27,13,2,12,2020-05-31
299,1,CHUQUISACA,10102,YOTALA,23,1,1,0,0,2020-05-31
300,1,CHUQUISACA,10304,ICLA,23,1,1,0,0,2020-05-31
301,1,CHUQUISACA,10501,MONTEAGUDO,23,7,6,0,1,2020-05-31
302,1,CHUQUISACA,10902,CULPINA,23,1,0,0,1,2020-05-31
303,1,CHUQUISACA,11001,VILLA VACA GUZMAN (MUYUPAMPA),23,2,2,0,0,2020-05-31
304,2,LA PAZ,20101,LA PAZ,23,324,167,13,144,2020-05-31
305,2,LA PAZ,20104,ACHOCALLA,23,10,10,0,0,2020-05-31
306,2,LA PAZ,20105,EL ALTO,23,264,164,16,84,2020-05-31
307,2,LA PAZ,20201,ACHACACHI,23,3,1,1,1,2020-05-31
308,2,LA PAZ,20601,SORATA,23,1,1,0,0,2020-05-31
309,2,LA PAZ,20602,GUANAY,23,1,1,0,0,2020-05-31
310,2,LA PAZ,20608,TEOPONTE,23,1,1,0,0,2020-05-31
311,2,LA PAZ,20801,VIACHA,23,59,57,0,2,2020-05-31
312,2,LA PAZ,20904,MALLA,23,1,0,0,1,2020-05-31
313,2,LA PAZ,20905,CAIROMA,23,11,0,0,11,2020-05-31
314,2,LA PAZ,21003,CAJUATA,23,1,0,0,1,2020-05-31
315,2,LA PAZ,21004,COLQUIRI,23,6,6,0,0,2020-05-31
316,2,LA PAZ,21101,CHULUMANI (V. DE LA LIBERTAD),23,1,0,0,1,2020-05-31
317,2,LA PAZ,21104,PALOS BLANCOS,23,1,0,1,0,2020-05-31
318,2,LA PAZ,21105,LA ASUNTA,23,1,0,1,0,2020-05-31
319,2,LA PAZ,21202,LAJA,23,1,1,0,0,2020-05-31
320,2,LA PAZ,21301,SICA SICA (VILLA AROMA),23,2,0,1,1,2020-05-31
321,2,LA PAZ,21302,UMALA,23,12,8,2,2,2020-05-31
322,2,LA PAZ,21305,PATACAMAYA,23,31,11,2,18,2020-05-31
323,2,LA PAZ,21402,CORIPATA,23,1,1,0,0,2020-05-31
324,2,LA PAZ,21701,COPACABANA,23,2,1,0,1,2020-05-31
325,2,LA PAZ,22001,CARANAVI,23,3,1,0,2,2020-05-31
326,3,COCHABAMBA,30101,COCHABAMBA,23,377,342,12,23,2020-05-31
327,3,COCHABAMBA,30203,OMEREQUE,23,5,0,0,5,2020-05-31
328,3,COCHABAMBA,30301,AYOPAYA (V. DE INDEPENDENCIA),23,1,1,0,0,2020-05-31
329,3,COCHABAMBA,30401,TARATA,23,2,2,0,0,2020-05-31
330,3,COCHABAMBA,30501,ARANI,23,3,3,0,0,2020-05-31
331,3,COCHABAMBA,30502,VACAS,23,2,2,0,0,2020-05-31
332,3,COCHABAMBA,30701,CAPINOTA,23,2,1,1,0,2020-05-31
333,3,COCHABAMBA,30702,SANTIVAÑES,23,14,1,1,12,2020-05-31
334,3,COCHABAMBA,30801,CLIZA,23,2,0,1,1,2020-05-31
335,3,COCHABAMBA,30802,TOCO,23,1,1,0,0,2020-05-31
336,3,COCHABAMBA,30803,TOLATA,23,1,0,1,0,2020-05-31
337,3,COCHABAMBA,30901,QUILLACOLLO,23,100,81,4,15,2020-05-31
338,3,COCHABAMBA,30902,SIPE SIPE,23,21,20,1,0,2020-05-31
339,3,COCHABAMBA,30903,TIQUIPAYA,23,8,8,0,0,2020-05-31
340,3,COCHABAMBA,30904,VINTO,23,16,15,1,0,2020-05-31
341,3,COCHABAMBA,30905,COLCAPIRHUA,23,8,8,0,0,2020-05-31
342,3,COCHABAMBA,31001,SACABA,23,176,162,5,9,2020-05-31
343,3,COCHABAMBA,31002,COLOMI,23,4,2,2,0,2020-05-31
344,3,COCHABAMBA,31003,VILLA TUNARI,23,27,27,0,0,2020-05-31
345,3,COCHABAMBA,31204,CHIMORE,23,32,30,1,1,2020-05-31
346,3,COCHABAMBA,31205,PUERTO VILLARROEL,23,45,42,3,0,2020-05-31
347,3,COCHABAMBA,31206,ENTRE RIOS CBBA,23,110,94,16,0,2020-05-31
348,3,COCHABAMBA,31301,MIZQUE,23,1,1,0,0,2020-05-31
349,3,COCHABAMBA,31401,PUNATA,23,21,15,1,5,2020-05-31
350,3,COCHABAMBA,31403,SAN BENITO,23,8,7,1,0,2020-05-31
351,3,COCHABAMBA,31501,BOLIVAR,23,1,1,0,0,2020-05-31
352,3,COCHABAMBA,31602,SHINAOTA,23,34,33,1,0,2020-05-31
353,4,ORURO,40101,ORURO,23,180,117,13,50,2020-05-31
354,4,ORURO,40202,SANTUARIO DE QUILLACAS,23,3,1,0,2,2020-05-31
355,4,ORURO,40701,HUANUNI,23,55,34,5,16,2020-05-31
356,4,ORURO,41101,EUCALIPTUS,23,18,9,3,6,2020-05-31
357,5,POTOSI,50101,POTOSI,23,75,51,2,22,2020-05-31
358,5,POTOSI,50201,UNCIA,23,2,2,0,0,2020-05-31
359,5,POTOSI,50203,LLALLAGUA,23,85,80,2,3,2020-05-31
360,5,POTOSI,50901,"COLCHA ""K""",23,6,3,0,3,2020-05-31
361,5,POTOSI,51201,UYUNI,23,3,0,0,3,2020-05-31
362,6,TARIJA,60101,TARIJA,23,32,22,1,9,2020-05-31
363,6,TARIJA,60201,PADCAYA,23,1,1,0,0,2020-05-31
364,6,TARIJA,60301,YACUIBA,23,17,16,1,0,2020-05-31
365,6,TARIJA,60302,CARAPARI,23,2,2,0,0,2020-05-31
366,6,TARIJA,60303,VILLA MONTES,23,5,3,2,0,2020-05-31
367,6,TARIJA,60501,SAN LORENZO(TJA),23,1,0,0,1,2020-05-31
368,7,SANTA CRUZ,70101,SANTA CRUZ,23,5765,4654,150,961,2020-05-31
369,7,SANTA CRUZ,70102,COTOCA,23,59,54,2,3,2020-05-31
370,7,SANTA CRUZ,70103,PORONGO,23,38,37,0,1,2020-05-31
371,7,SANTA CRUZ,70104,LA GUARDIA,23,288,262,5,21,2020-05-31
372,7,SANTA CRUZ,70105,EL TORNO,23,140,120,1,19,2020-05-31
373,7,SANTA CRUZ,70201,WARNES,23,161,157,2,2,2020-05-31
374,7,SANTA CRUZ,70202,OKINAWA UNO,23,8,8,0,0,2020-05-31
375,7,SANTA CRUZ,70301,SAN IGNACIO DE VELASCO,23,6,6,0,0,2020-05-31
376,7,SANTA CRUZ,70401,BUENA VISTA,23,15,14,0,1,2020-05-31
377,7,SANTA CRUZ,70402,SAN CARLOS,23,21,20,0,1,2020-05-31
378,7,SANTA CRUZ,70403,YAPACANI,23,67,67,0,0,2020-05-31
379,7,SANTA CRUZ,70404,SAN JUAN DE YAPACANI,23,24,24,0,0,2020-05-31
380,7,SANTA CRUZ,70501,SAN JOSÉ DE CHIQUITOS,23,38,37,1,0,2020-05-31
381,7,SANTA CRUZ,70502,PAILON,23,51,50,1,0,2020-05-31
382,7,SANTA CRUZ,70503,ROBORÉ,23,7,1,1,5,2020-05-31
383,7,SANTA CRUZ,70601,PORTACHUELO,23,144,142,2,0,2020-05-31
384,7,SANTA CRUZ,70602,SANTA ROSA DEL SARA,23,27,22,0,5,2020-05-31
385,7,SANTA CRUZ,70603,COLPA BÉLGICA,23,51,49,2,0,2020-05-31
386,7,SANTA CRUZ,70701,LAGUNILLAS,23,4,4,0,0,2020-05-31
387,7,SANTA CRUZ,70703,CABEZAS,23,20,18,0,2,2020-05-31
388,7,SANTA CRUZ,70706,CAMIRI,23,27,18,0,9,2020-05-31
389,7,SANTA CRUZ,70801,VALLE GRANDE,23,12,8,0,4,2020-05-31
390,7,SANTA CRUZ,70803,MORO MORO,23,21,21,0,0,2020-05-31
391,7,SANTA CRUZ,70901,SAMAIPATA,23,8,8,0,0,2020-05-31
392,7,SANTA CRUZ,70902,PAMPA GRANDE,23,6,5,1,0,2020-05-31
393,7,SANTA CRUZ,70903,MAIRANA,23,27,24,2,1,2020-05-31
394,7,SANTA CRUZ,70904,QUIRUSILLAS,23,1,1,0,0,2020-05-31
395,7,SANTA CRUZ,71001,MONTERO,23,1115,757,38,320,2020-05-31
396,7,SANTA CRUZ,71002,GRAL. SAAVEDRA,23,34,24,0,10,2020-05-31
397,7,SANTA CRUZ,71003,MINEROS,23,77,47,4,26,2020-05-31
398,7,SANTA CRUZ,71004,FERNÁNDEZ ALONSO,23,73,72,1,0,2020-05-31
399,7,SANTA CRUZ,71005,SAN PEDRO,23,143,130,0,13,2020-05-31
400,7,SANTA CRUZ,71101,CONCEPCIÓN,23,5,5,0,0,2020-05-31
401,7,SANTA CRUZ,71104,SAN JULIÁN,23,17,15,0,2,2020-05-31
402,7,SANTA CRUZ,71105,SAN ANTONIO DE LOMERÍO,23,6,6,0,0,2020-05-31
403,7,SANTA CRUZ,71106,CUATRO CAÑADAS,23,25,24,1,0,2020-05-31
404,7,SANTA CRUZ,71201,SAN MATIAS,23,3,3,0,0,2020-05-31
405,7,SANTA CRUZ,71401,PUERTO SUAREZ,23,6,6,0,0,2020-05-31
406,7,SANTA CRUZ,71402,PUERTO QUIJARRO,23,1,1,0,0,2020-05-31
407,7,SANTA CRUZ,71501,ASCENCIÓN DE GUARAYOS,23,15,15,0,0,2020-05-31
408,8,BENI,80101,TRINIDAD,23,2186,2062,108,16,2020-05-31
409,8,BENI,80201,RIBERALTA,23,49,49,0,0,2020-05-31
410,8,BENI,80202,GUAYARAMERIN,23,115,108,7,0,2020-05-31
411,8,BENI,80302,SAN BORJA,23,1,1,0,0,2020-05-31
412,8,BENI,80401,SANTA ANA,23,5,5,0,0,2020-05-31
413,8,BENI,80402,EXALTACION,23,3,3,0,0,2020-05-31
414,8,BENI,80501,SAN IGNACIO,23,6,6,0,0,2020-05-31
415,8,BENI,80601,LORETO,23,1,1,0,0,2020-05-31
416,8,BENI,80602,SAN ANDRES,23,34,34,0,0,2020-05-31
417,8,BENI,80701,SAN JOAQUIN,23,18,17,1,0,2020-05-31
418,8,BENI,80702,SAN RAMON BENI,23,54,52,2,0,2020-05-31
419,9,PANDO,90101,COBIJA,23,46,33,2,11,2020-05-31
420,9,PANDO,90203,FILADELFIA,23,1,1,0,0,2020-05-31
421,1,CHUQUISACA,10101,SUCRE,24,75,59,3,13,2020-06-07
422,1,CHUQUISACA,10102,YOTALA,24,1,1,0,0,2020-06-07
423,1,CHUQUISACA,10202,TARVITA,24,1,1,0,0,2020-06-07
424,1,CHUQUISACA,10303,MOJOCOYA,24,1,1,0,0,2020-06-07
425,1,CHUQUISACA,10304,ICLA,24,1,1,0,0,2020-06-07
426,1,CHUQUISACA,10501,MONTEAGUDO,24,15,14,0,1,2020-06-07
427,1,CHUQUISACA,10601,TARABUCO,24,1,1,0,0,2020-06-07
428,1,CHUQUISACA,10902,CULPINA,24,1,0,0,1,2020-06-07
429,1,CHUQUISACA,11001,VILLA VACA GUZMAN (MUYUPAMPA),24,4,4,0,0,2020-06-07
430,2,LA PAZ,20101,LA PAZ,24,508,335,16,157,2020-06-07
431,2,LA PAZ,20104,ACHOCALLA,24,10,10,0,0,2020-06-07
432,2,LA PAZ,20105,EL ALTO,24,353,234,17,102,2020-06-07
433,2,LA PAZ,20201,ACHACACHI,24,3,1,1,1,2020-06-07
434,2,LA PAZ,20601,SORATA,24,1,1,0,0,2020-06-07
435,2,LA PAZ,20602,GUANAY,24,1,1,0,0,2020-06-07
436,2,LA PAZ,20608,TEOPONTE,24,1,1,0,0,2020-06-07
437,2,LA PAZ,20801,VIACHA,24,70,67,0,3,2020-06-07
438,2,LA PAZ,20904,MALLA,24,1,0,0,1,2020-06-07
439,2,LA PAZ,20905,CAIROMA,24,11,0,0,11,2020-06-07
440,2,LA PAZ,21003,CAJUATA,24,2,0,1,1,2020-06-07
441,2,LA PAZ,21004,COLQUIRI,24,28,27,1,0,2020-06-07
442,2,LA PAZ,21101,CHULUMANI (V. DE LA LIBERTAD),24,4,2,1,1,2020-06-07
443,2,LA PAZ,21104,PALOS BLANCOS,24,1,0,1,0,2020-06-07
444,2,LA PAZ,21105,LA ASUNTA,24,1,0,1,0,2020-06-07
445,2,LA PAZ,21202,LAJA,24,1,1,0,0,2020-06-07
446,2,LA PAZ,21301,SICA SICA (VILLA AROMA),24,2,0,1,1,2020-06-07
447,2,LA PAZ,21302,UMALA,24,12,7,2,3,2020-06-07
448,2,LA PAZ,21305,PATACAMAYA,24,37,15,2,20,2020-06-07
449,2,LA PAZ,21401,COROICO,24,1,1,0,0,2020-06-07
450,2,LA PAZ,21402,CORIPATA,24,1,1,0,0,2020-06-07
451,2,LA PAZ,21701,COPACABANA,24,3,2,0,1,2020-06-07
452,2,LA PAZ,22001,CARANAVI,24,12,10,0,2,2020-06-07
453,3,COCHABAMBA,30101,COCHABAMBA,24,602,564,23,15,2020-06-07
454,3,COCHABAMBA,30203,OMEREQUE,24,5,0,0,5,2020-06-07
455,3,COCHABAMBA,30301,AYOPAYA (V. DE INDEPENDENCIA),24,1,1,0,0,2020-06-07
456,3,COCHABAMBA,30302,MOROCHATA,24,5,0,0,5,2020-06-07
457,3,COCHABAMBA,30401,TARATA,24,2,2,0,0,2020-06-07
458,3,COCHABAMBA,30501,ARANI,24,3,3,0,0,2020-06-07
459,3,COCHABAMBA,30502,VACAS,24,3,3,0,0,2020-06-07
460,3,COCHABAMBA,30701,CAPINOTA,24,2,1,1,0,2020-06-07
461,3,COCHABAMBA,30702,SANTIVAÑES,24,18,5,1,12,2020-06-07
462,3,COCHABAMBA,30703,SICAYA,24,1,1,0,0,2020-06-07
463,3,COCHABAMBA,30801,CLIZA,24,3,1,1,1,2020-06-07
464,3,COCHABAMBA,30802,TOCO,24,1,1,0,0,2020-06-07
465,3,COCHABAMBA,30803,TOLATA,24,2,1,1,0,2020-06-07
466,3,COCHABAMBA,30901,QUILLACOLLO,24,131,110,6,15,2020-06-07
467,3,COCHABAMBA,30902,SIPE SIPE,24,21,14,2,5,2020-06-07
468,3,COCHABAMBA,30903,TIQUIPAYA,24,17,17,0,0,2020-06-07
469,3,COCHABAMBA,30904,VINTO,24,21,20,1,0,2020-06-07
470,3,COCHABAMBA,30905,COLCAPIRHUA,24,16,15,1,0,2020-06-07
471,3,COCHABAMBA,31001,SACABA,24,225,204,10,11,2020-06-07
472,3,COCHABAMBA,31002,COLOMI,24,6,5,1,0,2020-06-07
473,3,COCHABAMBA,31003,VILLA TUNARI,24,29,28,1,0,2020-06-07
474,3,COCHABAMBA,31204,CHIMORE,24,49,46,2,1,2020-06-07
475,3,COCHABAMBA,31205,PUERTO VILLARROEL,24,98,92,6,0,2020-06-07
476,3,COCHABAMBA,31206,ENTRE RIOS CBBA,24,156,141,15,0,2020-06-07
477,3,COCHABAMBA,31301,MIZQUE,24,1,1,0,0,2020-06-07
478,3,COCHABAMBA,31401,PUNATA,24,29,22,1,6,2020-06-07
479,3,COCHABAMBA,31403,SAN BENITO,24,10,9,1,0,2020-06-07
480,3,COCHABAMBA,31501,BOLIVAR,24,1,1,0,0,2020-06-07
481,3,COCHABAMBA,31602,SHINAOTA,24,79,78,1,0,2020-06-07
482,4,ORURO,40101,ORURO,24,265,195,17,53,2020-06-07
483,4,ORURO,40201,CHALLAPATA,24,1,1,0,0,2020-06-07
484,4,ORURO,40202,SANTUARIO DE QUILLACAS,24,3,0,0,3,2020-06-07
485,4,ORURO,40402,TURCO,24,1,1,0,0,2020-06-07
486,4,ORURO,40701,HUANUNI,24,80,53,5,22,2020-06-07
487,4,ORURO,41101,EUCALIPTUS,24,19,9,3,7,2020-06-07
488,5,POTOSI,50101,POTOSI,24,126,96,5,25,2020-06-07
489,5,POTOSI,50201,UNCIA,24,40,40,0,0,2020-06-07
490,5,POTOSI,50203,LLALLAGUA,24,119,112,4,3,2020-06-07
491,5,POTOSI,50901,"COLCHA ""K""",24,6,3,0,3,2020-06-07
492,5,POTOSI,51201,UYUNI,24,3,0,0,3,2020-06-07
493,5,POTOSI,51501,VILLAZON,24,1,1,0,0,2020-06-07
494,6,TARIJA,60101,TARIJA,24,65,54,2,9,2020-06-07
495,6,TARIJA,60201,PADCAYA,24,1,1,0,0,2020-06-07
496,6,TARIJA,60301,YACUIBA,24,33,32,1,0,2020-06-07
497,6,TARIJA,60302,CARAPARI,24,2,2,0,0,2020-06-07
498,6,TARIJA,60303,VILLA MONTES,24,8,5,2,1,2020-06-07
499,6,TARIJA,60501,SAN LORENZO(TJA),24,1,0,0,1,2020-06-07
500,6,TARIJA,60601,ENTRE RIOS TRJ,24,2,2,0,0,2020-06-07
501,7,SANTA CRUZ,70101,SANTA CRUZ,24,7820,5900,195,1725,2020-06-07
502,7,SANTA CRUZ,70102,COTOCA,24,101,96,2,3,2020-06-07
503,7,SANTA CRUZ,70103,PORONGO,24,45,44,0,1,2020-06-07
504,7,SANTA CRUZ,70104,LA GUARDIA,24,360,332,7,21,2020-06-07
505,7,SANTA CRUZ,70105,EL TORNO,24,171,151,1,19,2020-06-07
506,7,SANTA CRUZ,70201,WARNES,24,182,174,6,2,2020-06-07
507,7,SANTA CRUZ,70202,OKINAWA UNO,24,9,7,2,0,2020-06-07
508,7,SANTA CRUZ,70301,SAN IGNACIO DE VELASCO,24,41,41,0,0,2020-06-07
509,7,SANTA CRUZ,70401,BUENA VISTA,24,17,16,0,1,2020-06-07
510,7,SANTA CRUZ,70402,SAN CARLOS,24,21,20,0,1,2020-06-07
511,7,SANTA CRUZ,70403,YAPACANI,24,90,90,0,0,2020-06-07
512,7,SANTA CRUZ,70404,SAN JUAN DE YAPACANI,24,24,24,0,0,2020-06-07
513,7,SANTA CRUZ,70501,SAN JOSÉ DE CHIQUITOS,24,50,49,1,0,2020-06-07
514,7,SANTA CRUZ,70502,PAILON,24,75,74,1,0,2020-06-07
515,7,SANTA CRUZ,70503,ROBORÉ,24,16,10,1,5,2020-06-07
516,7,SANTA CRUZ,70601,PORTACHUELO,24,144,142,2,0,2020-06-07
517,7,SANTA CRUZ,70602,SANTA ROSA DEL SARA,24,32,27,0,5,2020-06-07
518,7,SANTA CRUZ,70603,COLPA BÉLGICA,24,59,57,2,0,2020-06-07
519,7,SANTA CRUZ,70701,LAGUNILLAS,24,4,4,0,0,2020-06-07
520,7,SANTA CRUZ,70703,CABEZAS,24,20,18,0,2,2020-06-07
521,7,SANTA CRUZ,70706,CAMIRI,24,31,18,0,13,2020-06-07
522,7,SANTA CRUZ,70801,VALLE GRANDE,24,13,9,0,4,2020-06-07
523,7,SANTA CRUZ,70802,TRIGAL,24,1,1,0,0,2020-06-07
524,7,SANTA CRUZ,70803,MORO MORO,24,21,21,0,0,2020-06-07
525,7,SANTA CRUZ,70901,SAMAIPATA,24,8,8,0,0,2020-06-07
526,7,SANTA CRUZ,70902,PAMPA GRANDE,24,7,6,1,0,2020-06-07
527,7,SANTA CRUZ,70903,MAIRANA,24,31,28,2,1,2020-06-07
528,7,SANTA CRUZ,71001,MONTERO,24,1255,884,40,331,2020-06-07
529,7,SANTA CRUZ,71002,GRAL. SAAVEDRA,24,42,32,0,10,2020-06-07
530,7,SANTA CRUZ,71003,MINEROS,24,86,56,4,26,2020-06-07
531,7,SANTA CRUZ,71004,FERNÁNDEZ ALONSO,24,75,74,1,0,2020-06-07
532,7,SANTA CRUZ,71005,SAN PEDRO,24,153,140,0,13,2020-06-07
533,7,SANTA CRUZ,71101,CONCEPCIÓN,24,6,6,0,0,2020-06-07
534,7,SANTA CRUZ,71102,SAN JAVIER,24,1,1,0,0,2020-06-07
535,7,SANTA CRUZ,71104,SAN JULIÁN,24,30,28,0,2,2020-06-07
536,7,SANTA CRUZ,71106,CUATRO CAÑADAS,24,32,31,1,0,2020-06-07
537,7,SANTA CRUZ,71401,PUERTO SUAREZ,24,8,8,0,0,2020-06-07
538,7,SANTA CRUZ,71402,PUERTO QUIJARRO,24,8,8,0,0,2020-06-07
539,7,SANTA CRUZ,71105,SAN ANTONIO DE LOMERÍO,24,23,23,0,0,2020-06-07
540,7,SANTA CRUZ,70702,CHARAGUA,24,1,0,1,0,2020-06-07
541,7,SANTA CRUZ,70904,QUIRUSILLAS,24,1,1,0,0,2020-06-07
542,7,SANTA CRUZ,71501,ASCENCIÓN DE GUARAYOS,24,34,34,0,0,2020-06-07
543,7,SANTA CRUZ,71201,SAN MATIAS,24,3,3,0,0,2020-06-07
544,7,SANTA CRUZ,71502,URUBICHÁ,24,3,3,0,0,2020-06-07
545,8,BENI,80101,TRINIDAD,24,2421,2253,126,42,2020-06-07
546,8,BENI,80201,RIBERALTA,24,100,96,2,2,2020-06-07
547,8,BENI,80202,GUAYARAMERIN,24,247,232,15,0,2020-06-07
548,8,BENI,80302,SAN BORJA,24,2,1,0,1,2020-06-07
549,8,BENI,80304,RURRENABAQUE,24,1,1,0,0,2020-06-07
550,8,BENI,80401,SANTA ANA,24,7,7,0,0,2020-06-07
551,8,BENI,80402,EXALTACION,24,5,5,0,0,2020-06-07
552,8,BENI,80501,SAN IGNACIO,24,6,5,0,1,2020-06-07
553,8,BENI,80601,LORETO,24,5,4,1,0,2020-06-07
554,8,BENI,80602,SAN ANDRES,24,34,34,0,0,2020-06-07
555,8,BENI,80701,SAN JOAQUIN,24,62,60,2,0,2020-06-07
556,8,BENI,80702,SAN RAMON BENI,24,54,52,2,0,2020-06-07
557,9,PANDO,90101,COBIJA,24,243,225,6,12,2020-06-07
558,9,PANDO,90102,PORVENIR,24,10,10,0,0,2020-06-07
559,9,PANDO,90103,BOLPEBRA,24,10,10,0,0,2020-06-07
560,9,PANDO,90203,FILADELFIA,24,3,3,0,0,2020-06-07
561,9,PANDO,90301,PUERTO GONZALO MORENO,24,1,1,0,0,2020-06-07
562,1,CHUQUISACA,10101,SUCRE,25,202,174,15,13,2020-06-14
563,1,CHUQUISACA,10102,YOTALA,25,3,3,0,0,2020-06-14
564,1,CHUQUISACA,10202,TARVITA,25,1,1,0,0,2020-06-14
565,1,CHUQUISACA,10303,MOJOCOYA,25,3,3,0,0,2020-06-14
566,1,CHUQUISACA,10304,ICLA,25,4,4,0,0,2020-06-14
567,1,CHUQUISACA,10401,PADILLA,25,2,2,0,0,2020-06-14
568,1,CHUQUISACA,10404,ALCALA,25,3,3,0,0,2020-06-14
569,1,CHUQUISACA,10501,MONTEAGUDO,25,22,20,0,2,2020-06-14
570,1,CHUQUISACA,10601,TARABUCO,25,1,1,0,0,2020-06-14
571,1,CHUQUISACA,10602,YAMPARAEZ,25,1,1,0,0,2020-06-14
572,1,CHUQUISACA,10801,VILLA SERRANO,25,1,1,0,0,2020-06-14
573,1,CHUQUISACA,10902,CULPINA,25,4,3,0,1,2020-06-14
574,1,CHUQUISACA,11001,VILLA VACA GUZMAN (MUYUPAMPA),25,6,6,0,0,2020-06-14
575,2,LA PAZ,20101,LA PAZ,25,816,623,21,172,2020-06-14
576,2,LA PAZ,20104,ACHOCALLA,25,10,10,0,0,2020-06-14
577,2,LA PAZ,20105,EL ALTO,25,488,355,20,113,2020-06-14
578,2,LA PAZ,20201,ACHACACHI,25,3,1,1,1,2020-06-14
579,2,LA PAZ,20601,SORATA,25,1,1,0,0,2020-06-14
580,2,LA PAZ,20602,GUANAY,25,1,1,0,0,2020-06-14
581,2,LA PAZ,20608,TEOPONTE,25,4,4,0,0,2020-06-14
582,2,LA PAZ,20702,PELECHUCO,25,1,1,0,0,2020-06-14
583,2,LA PAZ,20801,VIACHA,25,77,73,0,4,2020-06-14
584,2,LA PAZ,20904,MALLA,25,1,0,0,1,2020-06-14
585,2,LA PAZ,20905,CAIROMA,25,11,0,0,11,2020-06-14
586,2,LA PAZ,21003,CAJUATA,25,2,0,1,1,2020-06-14
587,2,LA PAZ,21004,COLQUIRI,25,38,36,2,0,2020-06-14
588,2,LA PAZ,21101,CHULUMANI (V. DE LA LIBERTAD),25,7,5,1,1,2020-06-14
589,2,LA PAZ,21103,YANACACHI,25,1,1,0,0,2020-06-14
590,2,LA PAZ,21104,PALOS BLANCOS,25,1,0,1,0,2020-06-14
591,2,LA PAZ,21105,LA ASUNTA,25,1,0,1,0,2020-06-14
592,2,LA PAZ,21202,LAJA,25,1,1,0,0,2020-06-14
593,2,LA PAZ,21301,SICA SICA (VILLA AROMA),25,2,0,1,1,2020-06-14
594,2,LA PAZ,21302,UMALA,25,14,9,2,3,2020-06-14
595,2,LA PAZ,21305,PATACAMAYA,25,38,15,2,21,2020-06-14
596,2,LA PAZ,21401,COROICO,25,2,2,0,0,2020-06-14
597,2,LA PAZ,21402,CORIPATA,25,9,8,1,0,2020-06-14
598,2,LA PAZ,21701,COPACABANA,25,3,2,0,1,2020-06-14
599,2,LA PAZ,22001,CARANAVI,25,13,11,0,2,2020-06-14
600,3,COCHABAMBA,30101,COCHABAMBA,25,1135,1067,38,30,2020-06-14
601,3,COCHABAMBA,30203,OMEREQUE,25,5,0,0,5,2020-06-14
602,3,COCHABAMBA,30301,AYOPAYA (V. DE INDEPENDENCIA),25,1,1,0,0,2020-06-14
603,3,COCHABAMBA,30302,MOROCHATA,25,5,0,0,5,2020-06-14
604,3,COCHABAMBA,30401,TARATA,25,2,0,0,2,2020-06-14
605,3,COCHABAMBA,30403,ARBIETO,25,1,1,0,0,2020-06-14
606,3,COCHABAMBA,30501,ARANI,25,3,2,0,1,2020-06-14
607,3,COCHABAMBA,30502,VACAS,25,3,3,0,0,2020-06-14
608,3,COCHABAMBA,30701,CAPINOTA,25,3,2,1,0,2020-06-14
609,3,COCHABAMBA,30702,SANTIVAÑES,25,20,7,1,12,2020-06-14
610,3,COCHABAMBA,30703,SICAYA,25,1,1,0,0,2020-06-14
611,3,COCHABAMBA,30801,CLIZA,25,5,2,2,1,2020-06-14
612,3,COCHABAMBA,30802,TOCO,25,2,2,0,0,2020-06-14
613,3,COCHABAMBA,30803,TOLATA,25,2,1,1,0,2020-06-14
614,3,COCHABAMBA,30901,QUILLACOLLO,25,181,160,6,15,2020-06-14
615,3,COCHABAMBA,30902,SIPE SIPE,25,44,37,2,5,2020-06-14
616,3,COCHABAMBA,30903,TIQUIPAYA,25,29,29,0,0,2020-06-14
617,3,COCHABAMBA,30904,VINTO,25,25,24,1,0,2020-06-14
618,3,COCHABAMBA,30905,COLCAPIRHUA,25,21,20,1,0,2020-06-14
619,3,COCHABAMBA,31001,SACABA,25,306,282,13,11,2020-06-14
620,3,COCHABAMBA,31002,COLOMI,25,8,7,1,0,2020-06-14
621,3,COCHABAMBA,31003,VILLA TUNARI,25,34,33,1,0,2020-06-14
622,3,COCHABAMBA,31204,CHIMORE,25,53,49,3,1,2020-06-14
623,3,COCHABAMBA,31205,PUERTO VILLARROEL,25,133,125,8,0,2020-06-14
624,3,COCHABAMBA,31206,ENTRE RIOS CBBA,25,206,188,18,0,2020-06-14
625,3,COCHABAMBA,31301,MIZQUE,25,1,1,0,0,2020-06-14
626,3,COCHABAMBA,31401,PUNATA,25,41,33,2,6,2020-06-14
627,3,COCHABAMBA,31403,SAN BENITO,25,10,9,1,0,2020-06-14
628,3,COCHABAMBA,31501,BOLIVAR,25,1,1,0,0,2020-06-14
629,3,COCHABAMBA,31602,SHINAOTA,25,79,78,1,0,2020-06-14
630,4,ORURO,40101,ORURO,25,338,254,22,62,2020-06-14
631,4,ORURO,40201,CHALLAPATA,25,6,6,0,0,2020-06-14
632,4,ORURO,40202,SANTUARIO DE QUILLACAS,25,3,0,0,3,2020-06-14
633,4,ORURO,40402,TURCO,25,1,1,0,0,2020-06-14
634,4,ORURO,40701,HUANUNI,25,98,63,11,24,2020-06-14
635,4,ORURO,40901,SABAYA,25,4,4,0,0,2020-06-14
636,4,ORURO,41101,EUCALIPTUS,25,19,9,3,7,2020-06-14
637,5,POTOSI,50101,POTOSI,25,170,137,7,26,2020-06-14
638,5,POTOSI,50201,UNCIA,25,57,57,0,0,2020-06-14
639,5,POTOSI,50203,LLALLAGUA,25,173,164,6,3,2020-06-14
640,5,POTOSI,50901,"COLCHA ""K""",25,6,3,0,3,2020-06-14
641,5,POTOSI,51201,UYUNI,25,5,1,1,3,2020-06-14
642,5,POTOSI,51501,VILLAZON,25,13,13,0,0,2020-06-14
643,6,TARIJA,60101,TARIJA,25,123,107,4,12,2020-06-14
644,6,TARIJA,60201,PADCAYA,25,1,1,0,0,2020-06-14
645,6,TARIJA,60301,YACUIBA,25,80,77,1,2,2020-06-14
646,6,TARIJA,60302,CARAPARI,25,10,10,0,0,2020-06-14
647,6,TARIJA,60303,VILLA MONTES,25,20,16,3,1,2020-06-14
648,6,TARIJA,60501,SAN LORENZO(TJA),25,3,2,0,1,2020-06-14
649,6,TARIJA,60601,ENTRE RIOS TRJ,25,2,2,0,0,2020-06-14
650,7,SANTA CRUZ,70101,SANTA CRUZ,25,10171,6042,244,3885,2020-06-14
651,7,SANTA CRUZ,70102,COTOCA,25,105,100,2,3,2020-06-14
652,7,SANTA CRUZ,70103,PORONGO,25,54,53,0,1,2020-06-14
653,7,SANTA CRUZ,70104,LA GUARDIA,25,396,368,7,21,2020-06-14
654,7,SANTA CRUZ,70105,EL TORNO,25,205,185,1,19,2020-06-14
655,7,SANTA CRUZ,70201,WARNES,25,214,206,6,2,2020-06-14
656,7,SANTA CRUZ,70202,OKINAWA UNO,25,15,13,2,0,2020-06-14
657,7,SANTA CRUZ,70301,SAN IGNACIO DE VELASCO,25,76,76,0,0,2020-06-14
658,7,SANTA CRUZ,70401,BUENA VISTA,25,23,22,0,1,2020-06-14
659,7,SANTA CRUZ,70402,SAN CARLOS,25,50,49,0,1,2020-06-14
660,7,SANTA CRUZ,70403,YAPACANI,25,143,143,0,0,2020-06-14
661,7,SANTA CRUZ,70404,SAN JUAN DE YAPACANI,25,26,26,0,0,2020-06-14
662,7,SANTA CRUZ,70501,SAN JOSÉ DE CHIQUITOS,25,80,79,1,0,2020-06-14
663,7,SANTA CRUZ,70502,PAILON,25,96,95,1,0,2020-06-14
664,7,SANTA CRUZ,70503,ROBORÉ,25,16,10,1,5,2020-06-14
665,7,SANTA CRUZ,70601,PORTACHUELO,25,146,144,2,0,2020-06-14
666,7,SANTA CRUZ,70602,SANTA ROSA DEL SARA,25,59,54,0,5,2020-06-14
667,7,SANTA CRUZ,70603,COLPA BÉLGICA,25,72,70,2,0,2020-06-14
668,7,SANTA CRUZ,70701,LAGUNILLAS,25,4,4,0,0,2020-06-14
669,7,SANTA CRUZ,70703,CABEZAS,25,20,18,0,2,2020-06-14
670,7,SANTA CRUZ,70706,CAMIRI,25,32,18,1,13,2020-06-14
671,7,SANTA CRUZ,70801,VALLE GRANDE,25,19,15,0,4,2020-06-14
672,7,SANTA CRUZ,70802,TRIGAL,25,2,2,0,0,2020-06-14
673,7,SANTA CRUZ,70803,MORO MORO,25,23,23,0,0,2020-06-14
674,7,SANTA CRUZ,70901,SAMAIPATA,25,8,8,0,0,2020-06-14
675,7,SANTA CRUZ,70902,PAMPA GRANDE,25,10,9,1,0,2020-06-14
676,7,SANTA CRUZ,70903,MAIRANA,25,35,32,2,1,2020-06-14
677,7,SANTA CRUZ,71001,MONTERO,25,1454,1045,42,367,2020-06-14
678,7,SANTA CRUZ,71002,GRAL. SAAVEDRA,25,44,34,0,10,2020-06-14
679,7,SANTA CRUZ,71003,MINEROS,25,98,68,4,26,2020-06-14
680,7,SANTA CRUZ,71004,FERNÁNDEZ ALONSO,25,76,29,1,46,2020-06-14
681,7,SANTA CRUZ,71005,SAN PEDRO,25,168,155,0,13,2020-06-14
682,7,SANTA CRUZ,71101,CONCEPCIÓN,25,11,11,0,0,2020-06-14
683,7,SANTA CRUZ,71102,SAN JAVIER,25,10,10,0,0,2020-06-14
684,7,SANTA CRUZ,71104,SAN JULIÁN,25,41,39,0,2,2020-06-14
685,7,SANTA CRUZ,71106,CUATRO CAÑADAS,25,43,42,1,0,2020-06-14
686,7,SANTA CRUZ,71401,PUERTO SUAREZ,25,12,12,0,0,2020-06-14
687,7,SANTA CRUZ,71402,PUERTO QUIJARRO,25,26,26,0,0,2020-06-14
688,7,SANTA CRUZ,71105,SAN ANTONIO DE LOMERÍO,25,23,23,0,0,2020-06-14
689,7,SANTA CRUZ,71301,COMARAPA,25,6,6,0,0,2020-06-14
690,7,SANTA CRUZ,70702,CHARAGUA,25,4,3,1,0,2020-06-14
691,7,SANTA CRUZ,70904,QUIRUSILLAS,25,1,1,0,0,2020-06-14
692,7,SANTA CRUZ,71501,ASCENCIÓN DE GUARAYOS,25,39,39,0,0,2020-06-14
693,7,SANTA CRUZ,71201,SAN MATIAS,25,3,3,0,0,2020-06-14
694,7,SANTA CRUZ,71502,URUBICHÁ,25,4,4,0,0,2020-06-14
695,7,SANTA CRUZ,71403,CARMEN RIVERO TóRREZ,25,2,2,0,0,2020-06-14
696,8,BENI,80101,TRINIDAD,25,2753,2558,143,52,2020-06-14
697,8,BENI,80201,RIBERALTA,25,247,235,10,2,2020-06-14
698,8,BENI,80202,GUAYARAMERIN,25,308,288,20,0,2020-06-14
699,8,BENI,80302,SAN BORJA,25,12,11,0,1,2020-06-14
700,8,BENI,80304,RURRENABAQUE,25,1,1,0,0,2020-06-14
701,8,BENI,80401,SANTA ANA,25,7,7,0,0,2020-06-14
702,8,BENI,80402,EXALTACION,25,5,5,0,0,2020-06-14
703,8,BENI,80501,SAN IGNACIO,25,9,8,0,1,2020-06-14
704,8,BENI,80601,LORETO,25,40,39,1,0,2020-06-14
705,8,BENI,80602,SAN ANDRES,25,65,65,0,0,2020-06-14
706,8,BENI,80701,SAN JOAQUIN,25,80,78,2,0,2020-06-14
707,8,BENI,80702,SAN RAMON BENI,25,54,52,2,0,2020-06-14
708,9,PANDO,90101,COBIJA,25,431,406,12,13,2020-06-14
709,9,PANDO,90102,PORVENIR,25,22,22,0,0,2020-06-14
710,9,PANDO,90103,BOLPEBRA,25,11,11,0,0,2020-06-14
711,9,PANDO,90203,FILADELFIA,25,11,10,0,1,2020-06-14
712,9,PANDO,90301,PUERTO GONZALO MORENO,25,1,1,0,0,2020-06-14
713,1,CHUQUISACA,10101,SUCRE,27,758,697,43,18,2020-06-28
714,1,CHUQUISACA,10102,YOTALA,27,6,5,1,0,2020-06-28
715,1,CHUQUISACA,10202,TARVITA,27,5,5,0,0,2020-06-28
716,1,CHUQUISACA,10301,ZUDAÑEZ,27,1,1,0,0,2020-06-28
717,1,CHUQUISACA,10302,PRESTO,27,7,7,0,0,2020-06-28
718,1,CHUQUISACA,10303,MOJOCOYA,27,3,3,0,0,2020-06-28
719,1,CHUQUISACA,10304,ICLA,27,9,9,0,0,2020-06-28
720,1,CHUQUISACA,10401,PADILLA,27,9,9,0,0,2020-06-28
721,1,CHUQUISACA,10402,TOMINA,27,7,7,0,0,2020-06-28
722,1,CHUQUISACA,10403,SOPACHUY,27,3,3,0,0,2020-06-28
723,1,CHUQUISACA,10404,ALCALA,27,6,6,0,0,2020-06-28
724,1,CHUQUISACA,10405,EL VILLAR,27,1,1,0,0,2020-06-28
725,1,CHUQUISACA,10501,MONTEAGUDO,27,30,25,0,5,2020-06-28
726,1,CHUQUISACA,10601,TARABUCO,27,2,2,0,0,2020-06-28
727,1,CHUQUISACA,10602,YAMPARAEZ,27,12,12,0,0,2020-06-28
728,1,CHUQUISACA,10701,CAMARGO,27,2,2,0,0,2020-06-28
729,1,CHUQUISACA,10703,INCAHUASI,27,14,14,0,0,2020-06-28
730,1,CHUQUISACA,10704,VILLA CHARCAS,27,4,4,0,0,2020-06-28
731,1,CHUQUISACA,10801,VILLA SERRANO,27,7,7,0,0,2020-06-28
732,1,CHUQUISACA,10902,CULPINA,27,16,15,0,1,2020-06-28
733,1,CHUQUISACA,10903,LAS CARRERAS,27,1,1,0,0,2020-06-28
734,1,CHUQUISACA,11001,VILLA VACA GUZMAN (MUYUPAMPA),27,14,10,0,4,2020-06-28
735,2,LA PAZ,20101,LA PAZ,27,2296,2053,39,204,2020-06-28
736,2,LA PAZ,20103,MECAPACA,27,1,1,0,0,2020-06-28
737,2,LA PAZ,20104,ACHOCALLA,27,12,12,0,0,2020-06-28
738,2,LA PAZ,20105,EL ALTO,27,1191,1027,29,135,2020-06-28
739,2,LA PAZ,20201,ACHACACHI,27,6,2,3,1,2020-06-28
740,2,LA PAZ,20301,CORO CORO,27,6,6,0,0,2020-06-28
741,2,LA PAZ,20405,ESCOMA,27,2,2,0,0,2020-06-28
742,2,LA PAZ,20502,AYATA,27,1,1,0,0,2020-06-28
743,2,LA PAZ,20601,SORATA,27,2,2,0,0,2020-06-28
744,2,LA PAZ,20602,GUANAY,27,1,1,0,0,2020-06-28
745,2,LA PAZ,20607,MAPIRI,27,2,1,1,0,2020-06-28
746,2,LA PAZ,20608,TEOPONTE,27,6,5,0,1,2020-06-28
747,2,LA PAZ,20702,PELECHUCO,27,1,1,0,0,2020-06-28
748,2,LA PAZ,20801,VIACHA,27,118,102,1,15,2020-06-28
749,2,LA PAZ,20902,SAPAHAQUI,27,1,1,0,0,2020-06-28
750,2,LA PAZ,20904,MALLA,27,1,0,0,1,2020-06-28
751,2,LA PAZ,20905,CAIROMA,27,11,0,0,11,2020-06-28
752,2,LA PAZ,21003,CAJUATA,27,2,0,1,1,2020-06-28
753,2,LA PAZ,21004,COLQUIRI,27,52,46,5,1,2020-06-28
754,2,LA PAZ,21005,ICHOCA,27,1,1,0,0,2020-06-28
755,2,LA PAZ,21101,CHULUMANI (V. DE LA LIBERTAD),27,10,7,2,1,2020-06-28
756,2,LA PAZ,21103,YANACACHI,27,3,3,0,0,2020-06-28
757,2,LA PAZ,21104,PALOS BLANCOS,27,5,4,1,0,2020-06-28
758,2,LA PAZ,21105,LA ASUNTA,27,1,0,1,0,2020-06-28
759,2,LA PAZ,21201,PUCARANI,27,5,4,1,0,2020-06-28
760,2,LA PAZ,21202,LAJA,27,6,4,2,0,2020-06-28
761,2,LA PAZ,21203,BATALLAS,27,1,0,1,0,2020-06-28
762,2,LA PAZ,21301,SICA SICA (VILLA AROMA),27,4,1,2,1,2020-06-28
763,2,LA PAZ,21302,UMALA,27,14,9,2,3,2020-06-28
764,2,LA PAZ,21305,PATACAMAYA,27,47,23,3,21,2020-06-28
765,2,LA PAZ,21401,COROICO,27,8,8,0,0,2020-06-28
766,2,LA PAZ,21402,CORIPATA,27,20,17,3,0,2020-06-28
767,2,LA PAZ,21502,SAN BUENA VENTURA,27,8,8,0,0,2020-06-28
768,2,LA PAZ,21701,COPACABANA,27,3,2,0,1,2020-06-28
769,2,LA PAZ,22001,CARANAVI,27,23,19,1,3,2020-06-28
770,2,LA PAZ,22002,ALTO BENI,27,1,0,1,0,2020-06-28
771,3,COCHABAMBA,30101,COCHABAMBA,27,1988,1814,132,42,2020-06-28
772,3,COCHABAMBA,30202,PASORAPA,27,2,0,2,0,2020-06-28
773,3,COCHABAMBA,30203,OMEREQUE,27,9,3,1,5,2020-06-28
774,3,COCHABAMBA,30301,AYOPAYA (V. DE INDEPENDENCIA),27,1,1,0,0,2020-06-28
775,3,COCHABAMBA,30401,TARATA,27,6,4,0,2,2020-06-28
776,3,COCHABAMBA,30403,ARBIETO,27,7,6,1,0,2020-06-28
777,3,COCHABAMBA,30501,ARANI,27,7,5,1,1,2020-06-28
778,3,COCHABAMBA,30502,VACAS,27,2,2,0,0,2020-06-28
779,3,COCHABAMBA,30601,ARQUE,27,1,1,0,0,2020-06-28
780,3,COCHABAMBA,30701,CAPINOTA,27,16,15,1,0,2020-06-28
781,3,COCHABAMBA,30702,SANTIVAÑES,27,25,12,1,12,2020-06-28
782,3,COCHABAMBA,30703,SICAYA,27,1,1,0,0,2020-06-28
783,3,COCHABAMBA,30801,CLIZA,27,4,3,0,1,2020-06-28
784,3,COCHABAMBA,30802,TOCO,27,3,2,1,0,2020-06-28
785,3,COCHABAMBA,30803,TOLATA,27,3,2,1,0,2020-06-28
786,3,COCHABAMBA,30901,QUILLACOLLO,27,344,304,9,31,2020-06-28
787,3,COCHABAMBA,30902,SIPE SIPE,27,70,21,4,45,2020-06-28
788,3,COCHABAMBA,30903,TIQUIPAYA,27,82,77,4,1,2020-06-28
789,3,COCHABAMBA,30904,VINTO,27,50,45,5,0,2020-06-28
790,3,COCHABAMBA,30905,COLCAPIRHUA,27,60,55,4,1,2020-06-28
791,3,COCHABAMBA,31001,SACABA,27,464,396,31,37,2020-06-28
792,3,COCHABAMBA,31002,COLOMI,27,12,10,2,0,2020-06-28
793,3,COCHABAMBA,31003,VILLA TUNARI,27,60,43,5,12,2020-06-28
794,3,COCHABAMBA,31202,POJO (CBBA),27,1,1,0,0,2020-06-28
795,3,COCHABAMBA,31204,CHIMORE,27,104,99,4,1,2020-06-28
796,3,COCHABAMBA,31205,PUERTO VILLARROEL,27,301,271,18,12,2020-06-28
797,3,COCHABAMBA,31206,ENTRE RIOS CBBA,27,323,281,21,21,2020-06-28
798,3,COCHABAMBA,31301,MIZQUE,27,3,0,1,2,2020-06-28
799,3,COCHABAMBA,31401,PUNATA,27,52,34,8,10,2020-06-28
800,3,COCHABAMBA,31403,SAN BENITO,27,13,12,1,0,2020-06-28
801,3,COCHABAMBA,31501,BOLIVAR,27,2,2,0,0,2020-06-28
802,3,COCHABAMBA,31601,TIRAQUE (CBBA),27,1,1,0,0,2020-06-28
803,3,COCHABAMBA,31602,SHINAOTA,27,126,117,4,5,2020-06-28
804,4,ORURO,40101,ORURO,27,875,665,51,159,2020-06-28
805,4,ORURO,40102,CARACOLLO,27,10,8,2,0,2020-06-28
806,4,ORURO,40104,SORACACHI,27,1,1,0,0,2020-06-28
807,4,ORURO,40201,CHALLAPATA,27,27,26,0,1,2020-06-28
808,4,ORURO,40202,SANTUARIO DE QUILLACAS,27,4,1,0,3,2020-06-28
809,4,ORURO,40402,TURCO,27,1,1,0,0,2020-06-28
810,4,ORURO,40501,HUACHACALLA,27,9,9,0,0,2020-06-28
811,4,ORURO,40601,POOPO,27,2,1,1,0,2020-06-28
812,4,ORURO,40603,ANTEQUERA,27,1,1,0,0,2020-06-28
813,4,ORURO,40701,HUANUNI,27,226,181,18,27,2020-06-28
814,4,ORURO,40702,MACHACAMARCA,27,1,0,1,0,2020-06-28
815,4,ORURO,40801,SALINAS DE GARCI MENDOZA,27,1,1,0,0,2020-06-28
816,4,ORURO,40901,SABAYA,27,4,4,0,0,2020-06-28
817,4,ORURO,40902,COIPASA,27,1,1,0,0,2020-06-28
818,4,ORURO,41101,EUCALIPTUS,27,24,11,3,10,2020-06-28
819,4,ORURO,41401,SANTIAGO DE HUARI,27,3,0,3,0,2020-06-28
820,4,ORURO,41601,HUAYLLAMARCA,27,2,1,1,0,2020-06-28
821,5,POTOSI,50101,POTOSI,27,307,261,11,35,2020-06-28
822,5,POTOSI,50201,UNCIA,27,101,101,0,0,2020-06-28
823,5,POTOSI,50203,LLALLAGUA,27,279,261,10,8,2020-06-28
824,5,POTOSI,50204,CHUQUIHUTA AYLLU JUCUMANI,27,1,0,1,0,2020-06-28
825,5,POTOSI,50301,BETANZOS,27,2,2,0,0,2020-06-28
826,5,POTOSI,50401,COLQUECHACA,27,3,3,0,0,2020-06-28
827,5,POTOSI,50403,POCOATA,27,1,1,0,0,2020-06-28
828,5,POTOSI,50404,OCURI,27,2,2,0,0,2020-06-28
829,5,POTOSI,50502,TORO TORO,27,1,1,0,0,2020-06-28
830,5,POTOSI,50601,COTAGAITA,27,2,2,0,0,2020-06-28
831,5,POTOSI,50701,SACACA,27,1,0,1,0,2020-06-28
832,5,POTOSI,50802,ATOCHA,27,1,1,0,0,2020-06-28
833,5,POTOSI,50901,"COLCHA ""K""",27,10,5,0,5,2020-06-28
834,5,POTOSI,51102,"CAIZA ""D""",27,10,9,1,0,2020-06-28
835,5,POTOSI,51201,UYUNI,27,19,14,1,4,2020-06-28
836,5,POTOSI,51501,VILLAZON,27,18,18,0,0,2020-06-28
837,6,TARIJA,60101,TARIJA,27,590,553,16,21,2020-06-28
838,6,TARIJA,60201,PADCAYA,27,3,2,0,1,2020-06-28
839,6,TARIJA,60202,BERMEJO,27,7,7,0,0,2020-06-28
840,6,TARIJA,60301,YACUIBA,27,181,168,5,8,2020-06-28
841,6,TARIJA,60302,CARAPARI,27,20,20,0,0,2020-06-28
842,6,TARIJA,60303,VILLA MONTES,27,40,34,4,2,2020-06-28
843,6,TARIJA,60401,URIONDO (A. CONCEPCION),27,29,29,0,0,2020-06-28
844,6,TARIJA,60501,SAN LORENZO(TJA),27,24,23,0,1,2020-06-28
845,6,TARIJA,60502,EL PUENTE(TJA),27,6,6,0,0,2020-06-28
846,6,TARIJA,60601,ENTRE RIOS TRJ,27,16,16,0,0,2020-06-28
847,7,SANTA CRUZ,70101,SANTA CRUZ,27,15298,5486,391,9421,2020-06-28
848,7,SANTA CRUZ,70102,COTOCA,27,193,180,2,11,2020-06-28
849,7,SANTA CRUZ,70103,PORONGO,27,79,73,0,6,2020-06-28
850,7,SANTA CRUZ,70104,LA GUARDIA,27,520,466,7,47,2020-06-28
851,7,SANTA CRUZ,70105,EL TORNO,27,244,219,1,24,2020-06-28
852,7,SANTA CRUZ,70201,WARNES,27,324,299,9,16,2020-06-28
853,7,SANTA CRUZ,70202,OKINAWA UNO,27,39,26,3,10,2020-06-28
854,7,SANTA CRUZ,70301,SAN IGNACIO DE VELASCO,27,142,129,11,2,2020-06-28
855,7,SANTA CRUZ,70401,BUENA VISTA,27,25,23,0,2,2020-06-28
856,7,SANTA CRUZ,70402,SAN CARLOS,27,127,125,0,2,2020-06-28
857,7,SANTA CRUZ,70403,YAPACANI,27,332,324,0,8,2020-06-28
858,7,SANTA CRUZ,70404,SAN JUAN DE YAPACANI,27,90,90,0,0,2020-06-28
859,7,SANTA CRUZ,70501,SAN JOSÉ DE CHIQUITOS,27,135,126,9,0,2020-06-28
860,7,SANTA CRUZ,70502,PAILON,27,131,126,2,3,2020-06-28
861,7,SANTA CRUZ,70503,ROBORÉ,27,38,32,1,5,2020-06-28
862,7,SANTA CRUZ,70601,PORTACHUELO,27,195,190,4,1,2020-06-28
863,7,SANTA CRUZ,70602,SANTA ROSA DEL SARA,27,86,81,0,5,2020-06-28
864,7,SANTA CRUZ,70603,COLPA BÉLGICA,27,82,78,3,1,2020-06-28
865,7,SANTA CRUZ,70701,LAGUNILLAS,27,4,4,0,0,2020-06-28
866,7,SANTA CRUZ,70703,CABEZAS,27,24,22,0,2,2020-06-28
867,7,SANTA CRUZ,70706,CAMIRI,27,45,29,3,13,2020-06-28
868,7,SANTA CRUZ,70801,VALLE GRANDE,27,36,31,0,5,2020-06-28
869,7,SANTA CRUZ,70802,TRIGAL,27,8,8,0,0,2020-06-28
870,7,SANTA CRUZ,70803,MORO MORO,27,23,23,0,0,2020-06-28
871,7,SANTA CRUZ,70901,SAMAIPATA,27,15,14,0,1,2020-06-28
872,7,SANTA CRUZ,70902,PAMPA GRANDE,27,16,15,1,0,2020-06-28
873,7,SANTA CRUZ,70903,MAIRANA,27,44,27,2,15,2020-06-28
874,7,SANTA CRUZ,71001,MONTERO,27,1856,1357,74,425,2020-06-28
875,7,SANTA CRUZ,71002,GRAL. SAAVEDRA,27,61,44,2,15,2020-06-28
876,7,SANTA CRUZ,71003,MINEROS,27,113,79,5,29,2020-06-28
877,7,SANTA CRUZ,71004,FERNÁNDEZ ALONSO,27,92,35,1,56,2020-06-28
878,7,SANTA CRUZ,71005,SAN PEDRO,27,198,172,0,26,2020-06-28
879,7,SANTA CRUZ,71101,CONCEPCIÓN,27,52,48,4,0,2020-06-28
880,7,SANTA CRUZ,71102,SAN JAVIER,27,50,49,1,0,2020-06-28
881,7,SANTA CRUZ,71104,SAN JULIÁN,27,70,62,5,3,2020-06-28
882,7,SANTA CRUZ,71106,CUATRO CAÑADAS,27,78,71,7,0,2020-06-28
883,7,SANTA CRUZ,71401,PUERTO SUAREZ,27,27,27,0,0,2020-06-28
884,7,SANTA CRUZ,71402,PUERTO QUIJARRO,27,120,120,0,0,2020-06-28
885,7,SANTA CRUZ,71105,SAN ANTONIO DE LOMERÍO,27,28,27,1,0,2020-06-28
886,7,SANTA CRUZ,71503,EL PUENTE (SCZ),27,4,4,0,0,2020-06-28
887,7,SANTA CRUZ,71301,COMARAPA,27,22,22,0,0,2020-06-28
888,7,SANTA CRUZ,70702,CHARAGUA,27,8,7,1,0,2020-06-28
889,7,SANTA CRUZ,70904,QUIRUSILLAS,27,1,1,0,0,2020-06-28
890,7,SANTA CRUZ,71501,ASCENCIÓN DE GUARAYOS,27,57,57,0,0,2020-06-28
891,7,SANTA CRUZ,71201,SAN MATIAS,27,5,5,0,0,2020-06-28
892,7,SANTA CRUZ,71502,URUBICHÁ,27,15,15,0,0,2020-06-28
893,7,SANTA CRUZ,71403,CARMEN RIVERO TóRREZ,27,8,8,0,0,2020-06-28
894,7,SANTA CRUZ,70302,SAN MIGUEL DE VELASCO,27,10,9,1,0,2020-06-28
895,7,SANTA CRUZ,70303,SAN RAFAEL,27,9,9,0,0,2020-06-28
896,7,SANTA CRUZ,71103,SAN RAMóN,27,11,11,0,0,2020-06-28
897,8,BENI,80101,TRINIDAD,27,3122,2813,176,133,2020-06-28
898,8,BENI,80102,SAN JAVIER(BNI),27,14,14,0,0,2020-06-28
899,8,BENI,80201,RIBERALTA,27,337,297,29,11,2020-06-28
900,8,BENI,80202,GUAYARAMERIN,27,373,345,28,0,2020-06-28
901,8,BENI,80302,SAN BORJA,27,33,32,0,1,2020-06-28
902,8,BENI,80303,SANTA ROSA,27,1,1,0,0,2020-06-28
903,8,BENI,80304,RURRENABAQUE,27,14,14,0,0,2020-06-28
904,8,BENI,80401,SANTA ANA,27,59,59,0,0,2020-06-28
905,8,BENI,80402,EXALTACION,27,5,5,0,0,2020-06-28
906,8,BENI,80501,SAN IGNACIO,27,12,7,0,5,2020-06-28
907,8,BENI,80601,LORETO,27,52,51,1,0,2020-06-28
908,8,BENI,80602,SAN ANDRES,27,80,80,0,0,2020-06-28
909,8,BENI,80701,SAN JOAQUIN,27,119,116,3,0,2020-06-28
910,8,BENI,80702,SAN RAMON BENI,27,54,52,2,0,2020-06-28
911,9,PANDO,90101,COBIJA,27,735,670,52,13,2020-06-28
912,9,PANDO,90102,PORVENIR,27,27,27,0,0,2020-06-28
913,9,PANDO,90103,BOLPEBRA,27,25,25,0,0,2020-06-28
914,9,PANDO,90201,PUERTO RICO,27,1,1,0,0,2020-06-28
915,9,PANDO,90203,FILADELFIA,27,12,10,1,1,2020-06-28
916,9,PANDO,90301,PUERTO GONZALO MORENO,27,1,1,0,0,2020-06-28
917,9,PANDO,90302,SAN LORENZO(PND),27,1,1,0,0,2020-06-28
918,9,PANDO,90303,SENA,27,5,5,0,0,2020-06-28
919,9,PANDO,90401,NACEBE (SANTA ROSA DEL ABUNA),27,1,1,0,0,2020-06-28
920,1,CHUQUISACA,10101,SUCRE,28,1052,959,56,37,2020-07-05
921,1,CHUQUISACA,10102,YOTALA,28,23,22,1,0,2020-07-05
922,1,CHUQUISACA,10103,POROMA,28,3,3,0,0,2020-07-05
923,1,CHUQUISACA,10202,TARVITA,28,7,7,0,0,2020-07-05
924,1,CHUQUISACA,10301,ZUDAÑEZ,28,5,5,0,0,2020-07-05
925,1,CHUQUISACA,10302,PRESTO,28,9,9,0,0,2020-07-05
926,1,CHUQUISACA,10303,MOJOCOYA,28,3,2,0,1,2020-07-05
927,1,CHUQUISACA,10304,ICLA,28,11,11,0,0,2020-07-05
928,1,CHUQUISACA,10401,PADILLA,28,15,15,0,0,2020-07-05
929,1,CHUQUISACA,10402,TOMINA,28,14,14,0,0,2020-07-05
930,1,CHUQUISACA,10403,SOPACHUY,28,3,3,0,0,2020-07-05
931,1,CHUQUISACA,10404,ALCALA,28,9,9,0,0,2020-07-05
932,1,CHUQUISACA,10405,EL VILLAR,28,1,1,0,0,2020-07-05
933,1,CHUQUISACA,10501,MONTEAGUDO,28,46,41,0,5,2020-07-05
934,1,CHUQUISACA,10601,TARABUCO,28,5,4,0,1,2020-07-05
935,1,CHUQUISACA,10602,YAMPARAEZ,28,17,17,0,0,2020-07-05
936,1,CHUQUISACA,10701,CAMARGO,28,2,2,0,0,2020-07-05
937,1,CHUQUISACA,10702,SAN LUCAS,28,5,4,1,0,2020-07-05
938,1,CHUQUISACA,10703,INCAHUASI,28,14,14,0,0,2020-07-05
939,1,CHUQUISACA,10704,VILLA CHARCAS,28,4,4,0,0,2020-07-05
940,1,CHUQUISACA,10801,VILLA SERRANO,28,8,8,0,0,2020-07-05
941,1,CHUQUISACA,10901,CAMATAQUI (C. VILLA ABECIA),28,2,2,0,0,2020-07-05
942,1,CHUQUISACA,10902,CULPINA,28,18,15,0,3,2020-07-05
943,1,CHUQUISACA,10903,LAS CARRERAS,28,1,1,0,0,2020-07-05
944,1,CHUQUISACA,11001,VILLA VACA GUZMAN (MUYUPAMPA),28,18,14,0,4,2020-07-05
945,1,CHUQUISACA,11003,MACHARETI,28,3,3,0,0,2020-07-05
946,2,LA PAZ,20101,LA PAZ,28,3971,3663,52,256,2020-07-05
947,2,LA PAZ,20103,MECAPACA,28,8,8,0,0,2020-07-05
948,2,LA PAZ,20104,ACHOCALLA,28,12,9,0,3,2020-07-05
949,2,LA PAZ,20105,EL ALTO,28,1915,1714,34,167,2020-07-05
950,2,LA PAZ,20201,ACHACACHI,28,6,2,3,1,2020-07-05
951,2,LA PAZ,20202,ANCORAIMES,28,2,2,0,0,2020-07-05
952,2,LA PAZ,20301,CORO CORO,28,6,6,0,0,2020-07-05
953,2,LA PAZ,20405,ESCOMA,28,3,3,0,0,2020-07-05
954,2,LA PAZ,20501,CHUMA,28,1,1,0,0,2020-07-05
955,2,LA PAZ,20502,AYATA,28,1,1,0,0,2020-07-05
956,2,LA PAZ,20601,SORATA,28,2,2,0,0,2020-07-05
957,2,LA PAZ,20602,GUANAY,28,1,1,0,0,2020-07-05
958,2,LA PAZ,20607,MAPIRI,28,2,1,1,0,2020-07-05
959,2,LA PAZ,20608,TEOPONTE,28,6,5,0,1,2020-07-05
960,2,LA PAZ,20702,PELECHUCO,28,1,1,0,0,2020-07-05
961,2,LA PAZ,20801,VIACHA,28,140,121,1,18,2020-07-05
962,2,LA PAZ,20802,GUAQUI,28,1,1,0,0,2020-07-05
963,2,LA PAZ,20902,SAPAHAQUI,28,1,1,0,0,2020-07-05
964,2,LA PAZ,20904,MALLA,28,1,0,0,1,2020-07-05
965,2,LA PAZ,20905,CAIROMA,28,11,0,0,11,2020-07-05
966,2,LA PAZ,21003,CAJUATA,28,2,0,1,1,2020-07-05
967,2,LA PAZ,21004,COLQUIRI,28,52,44,5,3,2020-07-05
968,2,LA PAZ,21005,ICHOCA,28,1,1,0,0,2020-07-05
969,2,LA PAZ,21101,CHULUMANI (V. DE LA LIBERTAD),28,14,10,3,1,2020-07-05
970,2,LA PAZ,21102,IRUPANA (VILLA DE LANZA),28,5,2,3,0,2020-07-05
971,2,LA PAZ,21103,YANACACHI,28,4,4,0,0,2020-07-05
972,2,LA PAZ,21104,PALOS BLANCOS,28,10,8,2,0,2020-07-05
973,2,LA PAZ,21105,LA ASUNTA,28,3,2,1,0,2020-07-05
974,2,LA PAZ,21201,PUCARANI,28,9,8,1,0,2020-07-05
975,2,LA PAZ,21202,LAJA,28,7,5,2,0,2020-07-05
976,2,LA PAZ,21203,BATALLAS,28,3,1,2,0,2020-07-05
977,2,LA PAZ,21301,SICA SICA (VILLA AROMA),28,7,4,2,1,2020-07-05
978,2,LA PAZ,21302,UMALA,28,15,9,2,4,2020-07-05
979,2,LA PAZ,21304,CALAMARCA,28,1,1,0,0,2020-07-05
980,2,LA PAZ,21305,PATACAMAYA,28,55,26,5,24,2020-07-05
981,2,LA PAZ,21401,COROICO,28,17,17,0,0,2020-07-05
982,2,LA PAZ,21402,CORIPATA,28,23,20,3,0,2020-07-05
983,2,LA PAZ,21502,SAN BUENA VENTURA,28,9,8,1,0,2020-07-05
984,2,LA PAZ,21701,COPACABANA,28,3,2,0,1,2020-07-05
985,2,LA PAZ,22001,CARANAVI,28,34,30,1,3,2020-07-05
986,2,LA PAZ,22002,ALTO BENI,28,1,0,1,0,2020-07-05
987,3,COCHABAMBA,30101,COCHABAMBA,28,2617,2329,205,83,2020-07-05
988,3,COCHABAMBA,30201,AIQUILE,28,6,6,0,0,2020-07-05
989,3,COCHABAMBA,30203,OMEREQUE,28,8,2,1,5,2020-07-05
990,3,COCHABAMBA,30301,AYOPAYA (V. DE INDEPENDENCIA),28,1,1,0,0,2020-07-05
991,3,COCHABAMBA,30401,TARATA,28,7,3,1,3,2020-07-05
992,3,COCHABAMBA,30403,ARBIETO,28,9,9,0,0,2020-07-05
993,3,COCHABAMBA,30501,ARANI,28,7,4,2,1,2020-07-05
994,3,COCHABAMBA,30502,VACAS,28,3,1,0,2,2020-07-05
995,3,COCHABAMBA,30601,ARQUE,28,2,1,1,0,2020-07-05
996,3,COCHABAMBA,30701,CAPINOTA,28,24,20,3,1,2020-07-05
997,3,COCHABAMBA,30702,SANTIVAÑES,28,26,7,1,18,2020-07-05
998,3,COCHABAMBA,30703,SICAYA,28,4,0,0,4,2020-07-05
999,3,COCHABAMBA,30801,CLIZA,28,8,5,2,1,2020-07-05
1000,3,COCHABAMBA,30802,TOCO,28,3,2,1,0,2020-07-05
1001,3,COCHABAMBA,30803,TOLATA,28,4,3,1,0,2020-07-05
1002,3,COCHABAMBA,30901,QUILLACOLLO,28,375,312,19,44,2020-07-05
1003,3,COCHABAMBA,30902,SIPE SIPE,28,88,36,5,47,2020-07-05
1004,3,COCHABAMBA,30903,TIQUIPAYA,28,96,69,6,21,2020-07-05
1005,3,COCHABAMBA,30904,VINTO,28,72,64,7,1,2020-07-05
1006,3,COCHABAMBA,30905,COLCAPIRHUA,28,73,62,6,5,2020-07-05
1007,3,COCHABAMBA,31001,SACABA,28,499,386,35,78,2020-07-05
1008,3,COCHABAMBA,31002,COLOMI,28,14,12,2,0,2020-07-05
1009,3,COCHABAMBA,31003,VILLA TUNARI,28,80,55,6,19,2020-07-05
1010,3,COCHABAMBA,31101,TAPACARI,28,5,3,2,0,2020-07-05
1011,3,COCHABAMBA,31202,POJO (CBBA),28,1,1,0,0,2020-07-05
1012,3,COCHABAMBA,31204,CHIMORE,28,112,99,4,9,2020-07-05
1013,3,COCHABAMBA,31205,PUERTO VILLARROEL,28,319,284,18,17,2020-07-05
1014,3,COCHABAMBA,31206,ENTRE RIOS CBBA,28,327,251,21,55,2020-07-05
1015,3,COCHABAMBA,31301,MIZQUE,28,7,4,1,2,2020-07-05
1016,3,COCHABAMBA,31401,PUNATA,28,55,31,10,14,2020-07-05
1017,3,COCHABAMBA,31403,SAN BENITO,28,18,15,1,2,2020-07-05
1018,3,COCHABAMBA,31501,BOLIVAR,28,3,1,0,2,2020-07-05
1019,3,COCHABAMBA,31601,TIRAQUE (CBBA),28,1,1,0,0,2020-07-05
1020,3,COCHABAMBA,31602,SHINAOTA,28,140,124,4,12,2020-07-05
1021,4,ORURO,40101,ORURO,28,1290,1048,73,169,2020-07-05
1022,4,ORURO,40102,CARACOLLO,28,12,9,3,0,2020-07-05
1023,4,ORURO,40104,SORACACHI,28,2,1,1,0,2020-07-05
1024,4,ORURO,40201,CHALLAPATA,28,38,33,3,2,2020-07-05
1025,4,ORURO,40202,SANTUARIO DE QUILLACAS,28,4,1,0,3,2020-07-05
1026,4,ORURO,40402,TURCO,28,1,1,0,0,2020-07-05
1027,4,ORURO,40501,HUACHACALLA,28,14,14,0,0,2020-07-05
1028,4,ORURO,40505,ESMERALDA,28,6,6,0,0,2020-07-05
1029,4,ORURO,40601,POOPO,28,2,1,1,0,2020-07-05
1030,4,ORURO,40603,ANTEQUERA,28,1,1,0,0,2020-07-05
1031,4,ORURO,40701,HUANUNI,28,284,219,19,46,2020-07-05
1032,4,ORURO,40702,MACHACAMARCA,28,5,4,1,0,2020-07-05
1033,4,ORURO,40801,SALINAS DE GARCI MENDOZA,28,4,4,0,0,2020-07-05
1034,4,ORURO,40901,SABAYA,28,4,4,0,0,2020-07-05
1035,4,ORURO,40902,COIPASA,28,1,1,0,0,2020-07-05
1036,4,ORURO,41101,EUCALIPTUS,28,24,10,3,11,2020-07-05
1037,4,ORURO,41401,SANTIAGO DE HUARI,28,4,1,3,0,2020-07-05
1038,4,ORURO,41503,CARANGAS,28,1,0,1,0,2020-07-05
1039,4,ORURO,41601,HUAYLLAMARCA,28,4,2,2,0,2020-07-05
1040,5,POTOSI,50101,POTOSI,28,328,256,13,59,2020-07-05
1041,5,POTOSI,50102,TINGUIPAYA,28,6,6,0,0,2020-07-05
1042,5,POTOSI,50201,UNCIA,28,108,105,0,3,2020-07-05
1043,5,POTOSI,50202,CHAYANTA,28,5,5,0,0,2020-07-05
1044,5,POTOSI,50203,LLALLAGUA,28,307,286,11,10,2020-07-05
1045,5,POTOSI,50204,CHUQUIHUTA AYLLU JUCUMANI,28,3,2,1,0,2020-07-05
1046,5,POTOSI,50301,BETANZOS,28,8,7,1,0,2020-07-05
1047,5,POTOSI,50401,COLQUECHACA,28,3,3,0,0,2020-07-05
1048,5,POTOSI,50403,POCOATA,28,2,1,1,0,2020-07-05
1049,5,POTOSI,50404,OCURI,28,3,3,0,0,2020-07-05
1050,5,POTOSI,50502,TORO TORO,28,1,1,0,0,2020-07-05
1051,5,POTOSI,50601,COTAGAITA,28,3,3,0,0,2020-07-05
1052,5,POTOSI,50701,SACACA,28,2,0,2,0,2020-07-05
1053,5,POTOSI,50802,ATOCHA,28,8,7,1,0,2020-07-05
1054,5,POTOSI,50901,"COLCHA ""K""",28,12,6,0,6,2020-07-05
1055,5,POTOSI,51101,PUNA,28,1,1,0,0,2020-07-05
1056,5,POTOSI,51102,"CAIZA ""D""",28,11,10,1,0,2020-07-05
1057,5,POTOSI,51201,UYUNI,28,21,16,1,4,2020-07-05
1058,5,POTOSI,51202,TOMAVE,28,1,1,0,0,2020-07-05
1059,5,POTOSI,51501,VILLAZON,28,25,25,0,0,2020-07-05
1060,6,TARIJA,60101,TARIJA,28,948,897,29,22,2020-07-05
1061,6,TARIJA,60201,PADCAYA,28,10,9,0,1,2020-07-05
1062,6,TARIJA,60202,BERMEJO,28,36,35,1,0,2020-07-05
1063,6,TARIJA,60301,YACUIBA,28,273,254,7,12,2020-07-05
1064,6,TARIJA,60302,CARAPARI,28,41,41,0,0,2020-07-05
1065,6,TARIJA,60303,VILLA MONTES,28,60,53,4,3,2020-07-05
1066,6,TARIJA,60401,URIONDO (A. CONCEPCION),28,58,57,1,0,2020-07-05
1067,6,TARIJA,60501,SAN LORENZO(TJA),28,47,45,1,1,2020-07-05
1068,6,TARIJA,60502,EL PUENTE(TJA),28,11,11,0,0,2020-07-05
1069,6,TARIJA,60601,ENTRE RIOS TRJ,28,17,16,1,0,2020-07-05
1070,7,SANTA CRUZ,70101,SANTA CRUZ,28,17254,5000,510,11744,2020-07-05
1071,7,SANTA CRUZ,70102,COTOCA,28,283,258,2,23,2020-07-05
1072,7,SANTA CRUZ,70103,PORONGO,28,90,79,0,11,2020-07-05
1073,7,SANTA CRUZ,70104,LA GUARDIA,28,657,566,7,84,2020-07-05
1074,7,SANTA CRUZ,70105,EL TORNO,28,373,287,6,80,2020-07-05
1075,7,SANTA CRUZ,70201,WARNES,28,395,329,10,56,2020-07-05
1076,7,SANTA CRUZ,70202,OKINAWA UNO,28,69,32,5,32,2020-07-05
1077,7,SANTA CRUZ,70301,SAN IGNACIO DE VELASCO,28,163,149,11,3,2020-07-05
1078,7,SANTA CRUZ,70401,BUENA VISTA,28,38,36,0,2,2020-07-05
1079,7,SANTA CRUZ,70402,SAN CARLOS,28,163,155,0,8,2020-07-05
1080,7,SANTA CRUZ,70403,YAPACANI,28,426,417,0,9,2020-07-05
1081,7,SANTA CRUZ,70404,SAN JUAN DE YAPACANI,28,130,130,0,0,2020-07-05
1082,7,SANTA CRUZ,70501,SAN JOSÉ DE CHIQUITOS,28,162,153,9,0,2020-07-05
1083,7,SANTA CRUZ,70502,PAILON,28,223,214,2,7,2020-07-05
1084,7,SANTA CRUZ,70503,ROBORÉ,28,58,52,1,5,2020-07-05
1085,7,SANTA CRUZ,70601,PORTACHUELO,28,203,196,4,3,2020-07-05
1086,7,SANTA CRUZ,70602,SANTA ROSA DEL SARA,28,87,79,0,8,2020-07-05
1087,7,SANTA CRUZ,70603,COLPA BÉLGICA,28,100,86,8,6,2020-07-05
1088,7,SANTA CRUZ,70701,LAGUNILLAS,28,4,4,0,0,2020-07-05
1089,7,SANTA CRUZ,70703,CABEZAS,28,27,24,0,3,2020-07-05
1090,7,SANTA CRUZ,70706,CAMIRI,28,59,43,3,13,2020-07-05
1091,7,SANTA CRUZ,70801,VALLE GRANDE,28,46,37,4,5,2020-07-05
1092,7,SANTA CRUZ,70802,TRIGAL,28,8,8,0,0,2020-07-05
1093,7,SANTA CRUZ,70803,MORO MORO,28,23,23,0,0,2020-07-05
1094,7,SANTA CRUZ,70901,SAMAIPATA,28,17,16,0,1,2020-07-05
1095,7,SANTA CRUZ,70902,PAMPA GRANDE,28,20,19,1,0,2020-07-05
1096,7,SANTA CRUZ,70903,MAIRANA,28,46,28,2,16,2020-07-05
1097,7,SANTA CRUZ,71001,MONTERO,28,2144,1567,81,496,2020-07-05
1098,7,SANTA CRUZ,71002,GRAL. SAAVEDRA,28,68,49,2,17,2020-07-05
1099,7,SANTA CRUZ,71003,MINEROS,28,125,84,5,36,2020-07-05
1100,7,SANTA CRUZ,71004,FERNÁNDEZ ALONSO,28,117,58,1,58,2020-07-05
1101,7,SANTA CRUZ,71005,SAN PEDRO,28,261,216,1,44,2020-07-05
1102,7,SANTA CRUZ,71101,CONCEPCIÓN,28,68,61,4,3,2020-07-05
1103,7,SANTA CRUZ,71102,SAN JAVIER,28,55,45,3,7,2020-07-05
1104,7,SANTA CRUZ,71104,SAN JULIÁN,28,97,85,8,4,2020-07-05
1105,7,SANTA CRUZ,71106,CUATRO CAÑADAS,28,105,91,7,7,2020-07-05
1106,7,SANTA CRUZ,71401,PUERTO SUAREZ,28,62,61,0,1,2020-07-05
1107,7,SANTA CRUZ,71402,PUERTO QUIJARRO,28,159,159,0,0,2020-07-05
1108,7,SANTA CRUZ,71105,SAN ANTONIO DE LOMERÍO,28,34,33,1,0,2020-07-05
1109,7,SANTA CRUZ,71503,EL PUENTE (SCZ),28,10,9,0,1,2020-07-05
1110,7,SANTA CRUZ,71301,COMARAPA,28,26,26,0,0,2020-07-05
1111,7,SANTA CRUZ,70702,CHARAGUA,28,8,7,1,0,2020-07-05
1112,7,SANTA CRUZ,70904,QUIRUSILLAS,28,1,1,0,0,2020-07-05
1113,7,SANTA CRUZ,71501,ASCENCIÓN DE GUARAYOS,28,60,52,0,8,2020-07-05
1114,7,SANTA CRUZ,71201,SAN MATIAS,28,11,11,0,0,2020-07-05
1115,7,SANTA CRUZ,71502,URUBICHÁ,28,17,17,0,0,2020-07-05
1116,7,SANTA CRUZ,70705,GUTIERREZ,28,2,2,0,0,2020-07-05
1117,7,SANTA CRUZ,71403,CARMEN RIVERO TóRREZ,28,20,20,0,0,2020-07-05
1118,7,SANTA CRUZ,70302,SAN MIGUEL DE VELASCO,28,18,17,1,0,2020-07-05
1119,7,SANTA CRUZ,70303,SAN RAFAEL,28,11,11,0,0,2020-07-05
1120,7,SANTA CRUZ,71103,SAN RAMóN,28,22,22,0,0,2020-07-05
1121,8,BENI,80101,TRINIDAD,28,3364,3020,188,156,2020-07-05
1122,8,BENI,80102,SAN JAVIER(BNI),28,14,14,0,0,2020-07-05
1123,8,BENI,80201,RIBERALTA,28,388,339,38,11,2020-07-05
1124,8,BENI,80202,GUAYARAMERIN,28,453,424,29,0,2020-07-05
1125,8,BENI,80302,SAN BORJA,28,53,52,0,1,2020-07-05
1126,8,BENI,80303,SANTA ROSA,28,1,1,0,0,2020-07-05
1127,8,BENI,80304,RURRENABAQUE,28,20,19,1,0,2020-07-05
1128,8,BENI,80401,SANTA ANA,28,102,102,0,0,2020-07-05
1129,8,BENI,80402,EXALTACION,28,8,8,0,0,2020-07-05
1130,8,BENI,80501,SAN IGNACIO,28,63,58,0,5,2020-07-05
1131,8,BENI,80601,LORETO,28,52,51,1,0,2020-07-05
1132,8,BENI,80602,SAN ANDRES,28,81,81,0,0,2020-07-05
1133,8,BENI,80701,SAN JOAQUIN,28,129,125,4,0,2020-07-05
1134,8,BENI,80702,SAN RAMON BENI,28,83,81,2,0,2020-07-05
1135,9,PANDO,90101,COBIJA,28,922,857,52,13,2020-07-05
1136,9,PANDO,90102,PORVENIR,28,32,31,1,0,2020-07-05
1137,9,PANDO,90103,BOLPEBRA,28,26,26,0,0,2020-07-05
1138,9,PANDO,90201,PUERTO RICO,28,5,4,1,0,2020-07-05
1139,9,PANDO,90203,FILADELFIA,28,16,14,1,1,2020-07-05
1140,9,PANDO,90301,PUERTO GONZALO MORENO,28,13,13,0,0,2020-07-05
1141,9,PANDO,90302,SAN LORENZO(PND),28,1,1,0,0,2020-07-05
1142,9,PANDO,90303,SENA,28,5,5,0,0,2020-07-05
1143,9,PANDO,90401,NACEBE (SANTA ROSA DEL ABUNA),28,5,4,1,0,2020-07-05
1144,9,PANDO,90104,BELLA FLOR,28,1,1,0,0,2020-07-05
1145,1,CHUQUISACA,10101,SUCRE,29,1298,1155,66,77,2020-07-12
1146,1,CHUQUISACA,10102,YOTALA,29,29,28,1,0,2020-07-12
1147,1,CHUQUISACA,10103,POROMA,29,7,7,0,0,2020-07-12
1148,1,CHUQUISACA,10201,AZURDUY,29,7,7,0,0,2020-07-12
1149,1,CHUQUISACA,10202,TARVITA,29,7,7,0,0,2020-07-12
1150,1,CHUQUISACA,10301,ZUDAÑEZ,29,9,9,0,0,2020-07-12
1151,1,CHUQUISACA,10302,PRESTO,29,10,10,0,0,2020-07-12
1152,1,CHUQUISACA,10303,MOJOCOYA,29,5,4,0,1,2020-07-12
1153,1,CHUQUISACA,10304,ICLA,29,11,9,0,2,2020-07-12
1154,1,CHUQUISACA,10401,PADILLA,29,15,14,0,1,2020-07-12
1155,1,CHUQUISACA,10402,TOMINA,29,14,14,0,0,2020-07-12
1156,1,CHUQUISACA,10403,SOPACHUY,29,3,3,0,0,2020-07-12
1157,1,CHUQUISACA,10404,ALCALA,29,9,8,0,1,2020-07-12
1158,1,CHUQUISACA,10405,EL VILLAR,29,1,1,0,0,2020-07-12
1159,1,CHUQUISACA,10501,MONTEAGUDO,29,46,41,0,5,2020-07-12
1160,1,CHUQUISACA,10601,TARABUCO,29,9,8,0,1,2020-07-12
1161,1,CHUQUISACA,10602,YAMPARAEZ,29,17,17,0,0,2020-07-12
1162,1,CHUQUISACA,10701,CAMARGO,29,7,7,0,0,2020-07-12
1163,1,CHUQUISACA,10702,SAN LUCAS,29,10,9,1,0,2020-07-12
1164,1,CHUQUISACA,10703,INCAHUASI,29,14,14,0,0,2020-07-12
1165,1,CHUQUISACA,10704,VILLA CHARCAS,29,4,4,0,0,2020-07-12
1166,1,CHUQUISACA,10801,VILLA SERRANO,29,9,9,0,0,2020-07-12
1167,1,CHUQUISACA,10901,CAMATAQUI (C. VILLA ABECIA),29,3,3,0,0,2020-07-12
1168,1,CHUQUISACA,10902,CULPINA,29,22,19,0,3,2020-07-12
1169,1,CHUQUISACA,10903,LAS CARRERAS,29,1,1,0,0,2020-07-12
1170,1,CHUQUISACA,11001,VILLA VACA GUZMAN (MUYUPAMPA),29,18,12,0,6,2020-07-12
1171,1,CHUQUISACA,11003,MACHARETI,29,3,3,0,0,2020-07-12
1172,2,LA PAZ,20101,LA PAZ,29,5796,5310,71,415,2020-07-12
1173,2,LA PAZ,20103,MECAPACA,29,8,8,0,0,2020-07-12
1174,2,LA PAZ,20104,ACHOCALLA,29,14,11,0,3,2020-07-12
1175,2,LA PAZ,20105,EL ALTO,29,2560,2291,44,225,2020-07-12
1176,2,LA PAZ,20201,ACHACACHI,29,10,6,3,1,2020-07-12
1177,2,LA PAZ,20202,ANCORAIMES,29,3,2,0,1,2020-07-12
1178,2,LA PAZ,20301,CORO CORO,29,6,6,0,0,2020-07-12
1179,2,LA PAZ,20405,ESCOMA,29,4,3,1,0,2020-07-12
1180,2,LA PAZ,20501,CHUMA,29,1,1,0,0,2020-07-12
1181,2,LA PAZ,20502,AYATA,29,1,1,0,0,2020-07-12
1182,2,LA PAZ,20601,SORATA,29,2,2,0,0,2020-07-12
1183,2,LA PAZ,20602,GUANAY,29,1,1,0,0,2020-07-12
1184,2,LA PAZ,20607,MAPIRI,29,2,1,1,0,2020-07-12
1185,2,LA PAZ,20608,TEOPONTE,29,6,5,0,1,2020-07-12
1186,2,LA PAZ,20702,PELECHUCO,29,1,1,0,0,2020-07-12
1187,2,LA PAZ,20801,VIACHA,29,174,146,1,27,2020-07-12
1188,2,LA PAZ,20802,GUAQUI,29,1,1,0,0,2020-07-12
1189,2,LA PAZ,20902,SAPAHAQUI,29,1,1,0,0,2020-07-12
1190,2,LA PAZ,20904,MALLA,29,5,4,0,1,2020-07-12
1191,2,LA PAZ,20905,CAIROMA,29,12,1,0,11,2020-07-12
1192,2,LA PAZ,21003,CAJUATA,29,2,0,1,1,2020-07-12
1193,2,LA PAZ,21004,COLQUIRI,29,53,38,5,10,2020-07-12
1194,2,LA PAZ,21005,ICHOCA,29,1,1,0,0,2020-07-12
1195,2,LA PAZ,21101,CHULUMANI (V. DE LA LIBERTAD),29,16,12,3,1,2020-07-12
1196,2,LA PAZ,21102,IRUPANA (VILLA DE LANZA),29,5,3,2,0,2020-07-12
1197,2,LA PAZ,21103,YANACACHI,29,9,8,0,1,2020-07-12
1198,2,LA PAZ,21104,PALOS BLANCOS,29,18,15,2,1,2020-07-12
1199,2,LA PAZ,21105,LA ASUNTA,29,4,3,1,0,2020-07-12
1200,2,LA PAZ,21201,PUCARANI,29,10,8,1,1,2020-07-12
1201,2,LA PAZ,21202,LAJA,29,7,5,2,0,2020-07-12
1202,2,LA PAZ,21203,BATALLAS,29,7,5,2,0,2020-07-12
1203,2,LA PAZ,21301,SICA SICA (VILLA AROMA),29,7,4,2,1,2020-07-12
1204,2,LA PAZ,21302,UMALA,29,15,7,2,6,2020-07-12
1205,2,LA PAZ,21304,CALAMARCA,29,1,1,0,0,2020-07-12
1206,2,LA PAZ,21305,PATACAMAYA,29,55,25,5,25,2020-07-12
1207,2,LA PAZ,21307,COLLANA,29,1,1,0,0,2020-07-12
1208,2,LA PAZ,21401,COROICO,29,19,19,0,0,2020-07-12
1209,2,LA PAZ,21402,CORIPATA,29,25,17,4,4,2020-07-12
1210,2,LA PAZ,21502,SAN BUENA VENTURA,29,9,8,1,0,2020-07-12
1211,2,LA PAZ,21701,COPACABANA,29,4,3,0,1,2020-07-12
1212,2,LA PAZ,22001,CARANAVI,29,45,39,1,5,2020-07-12
1213,2,LA PAZ,22002,ALTO BENI,29,1,0,1,0,2020-07-12
1214,3,COCHABAMBA,30101,COCHABAMBA,29,3499,2820,267,412,2020-07-12
1215,3,COCHABAMBA,30201,AIQUILE,29,9,8,1,0,2020-07-12
1216,3,COCHABAMBA,30203,OMEREQUE,29,9,3,1,5,2020-07-12
1217,3,COCHABAMBA,30301,AYOPAYA (V. DE INDEPENDENCIA),29,2,2,0,0,2020-07-12
1218,3,COCHABAMBA,30401,TARATA,29,14,10,1,3,2020-07-12
1219,3,COCHABAMBA,30402,ANZALDO,29,2,2,0,0,2020-07-12
1220,3,COCHABAMBA,30403,ARBIETO,29,14,13,1,0,2020-07-12
1221,3,COCHABAMBA,30501,ARANI,29,9,6,2,1,2020-07-12
1222,3,COCHABAMBA,30502,VACAS,29,3,1,0,2,2020-07-12
1223,3,COCHABAMBA,30601,ARQUE,29,2,1,1,0,2020-07-12
1224,3,COCHABAMBA,30701,CAPINOTA,29,25,21,3,1,2020-07-12
1225,3,COCHABAMBA,30702,SANTIVAÑES,29,26,7,1,18,2020-07-12
1226,3,COCHABAMBA,30703,SICAYA,29,4,0,0,4,2020-07-12
1227,3,COCHABAMBA,30801,CLIZA,29,11,8,2,1,2020-07-12
1228,3,COCHABAMBA,30802,TOCO,29,3,2,1,0,2020-07-12
1229,3,COCHABAMBA,30803,TOLATA,29,7,5,1,1,2020-07-12
1230,3,COCHABAMBA,30901,QUILLACOLLO,29,458,368,22,68,2020-07-12
1231,3,COCHABAMBA,30902,SIPE SIPE,29,98,37,6,55,2020-07-12
1232,3,COCHABAMBA,30903,TIQUIPAYA,29,121,91,6,24,2020-07-12
1233,3,COCHABAMBA,30904,VINTO,29,102,68,9,25,2020-07-12
1234,3,COCHABAMBA,30905,COLCAPIRHUA,29,94,81,6,7,2020-07-12
1235,3,COCHABAMBA,31001,SACABA,29,554,376,43,135,2020-07-12
1236,3,COCHABAMBA,31002,COLOMI,29,17,14,3,0,2020-07-12
1237,3,COCHABAMBA,31003,VILLA TUNARI,29,89,53,6,30,2020-07-12
1238,3,COCHABAMBA,31101,TAPACARI,29,9,7,2,0,2020-07-12
1239,3,COCHABAMBA,31201,TOTORA(CBBA),29,3,3,0,0,2020-07-12
1240,3,COCHABAMBA,31202,POJO (CBBA),29,2,2,0,0,2020-07-12
1241,3,COCHABAMBA,31203,POCONA,29,1,1,0,0,2020-07-12
1242,3,COCHABAMBA,31204,CHIMORE,29,115,39,10,66,2020-07-12
1243,3,COCHABAMBA,31205,PUERTO VILLARROEL,29,367,275,24,68,2020-07-12
1244,3,COCHABAMBA,31206,ENTRE RIOS CBBA,29,355,244,31,80,2020-07-12
1245,3,COCHABAMBA,31301,MIZQUE,29,8,2,1,5,2020-07-12
1246,3,COCHABAMBA,31302,VILA VILA,29,1,1,0,0,2020-07-12
1247,3,COCHABAMBA,31401,PUNATA,29,62,31,12,19,2020-07-12
1248,3,COCHABAMBA,31403,SAN BENITO,29,30,27,1,2,2020-07-12
1249,3,COCHABAMBA,31404,TACACHI,29,1,1,0,0,2020-07-12
1250,3,COCHABAMBA,31501,BOLIVAR,29,4,2,0,2,2020-07-12
1251,3,COCHABAMBA,31601,TIRAQUE (CBBA),29,2,1,0,1,2020-07-12
1252,3,COCHABAMBA,31602,SHINAOTA,29,145,116,4,25,2020-07-12
1253,4,ORURO,40101,ORURO,29,1700,1349,95,256,2020-07-12
1254,4,ORURO,40102,CARACOLLO,29,12,5,7,0,2020-07-12
1255,4,ORURO,40104,SORACACHI,29,2,1,1,0,2020-07-12
1256,4,ORURO,40201,CHALLAPATA,29,51,45,3,3,2020-07-12
1257,4,ORURO,40202,SANTUARIO DE QUILLACAS,29,13,10,0,3,2020-07-12
1258,4,ORURO,40402,TURCO,29,1,1,0,0,2020-07-12
1259,4,ORURO,40501,HUACHACALLA,29,14,14,0,0,2020-07-12
1260,4,ORURO,40505,ESMERALDA,29,6,6,0,0,2020-07-12
1261,4,ORURO,40601,POOPO,29,2,1,1,0,2020-07-12
1262,4,ORURO,40603,ANTEQUERA,29,2,2,0,0,2020-07-12
1263,4,ORURO,40701,HUANUNI,29,317,228,25,64,2020-07-12
1264,4,ORURO,40702,MACHACAMARCA,29,5,1,1,3,2020-07-12
1265,4,ORURO,40801,SALINAS DE GARCI MENDOZA,29,7,7,0,0,2020-07-12
1266,4,ORURO,40901,SABAYA,29,6,5,0,1,2020-07-12
1267,4,ORURO,40902,COIPASA,29,1,1,0,0,2020-07-12
1268,4,ORURO,41001,TOLEDO,29,1,0,1,0,2020-07-12
1269,4,ORURO,41101,EUCALIPTUS,29,27,12,3,12,2020-07-12
1270,4,ORURO,41401,SANTIAGO DE HUARI,29,5,1,4,0,2020-07-12
1271,4,ORURO,41503,CARANGAS,29,1,0,1,0,2020-07-12
1272,4,ORURO,41601,HUAYLLAMARCA,29,4,2,2,0,2020-07-12
1273,5,POTOSI,50101,POTOSI,29,415,327,15,73,2020-07-12
1274,5,POTOSI,50102,TINGUIPAYA,29,6,6,0,0,2020-07-12
1275,5,POTOSI,50201,UNCIA,29,118,115,0,3,2020-07-12
1276,5,POTOSI,50202,CHAYANTA,29,5,5,0,0,2020-07-12
1277,5,POTOSI,50203,LLALLAGUA,29,352,329,11,12,2020-07-12
1278,5,POTOSI,50204,CHUQUIHUTA AYLLU JUCUMANI,29,8,7,1,0,2020-07-12
1279,5,POTOSI,50301,BETANZOS,29,32,30,1,1,2020-07-12
1280,5,POTOSI,50401,COLQUECHACA,29,9,9,0,0,2020-07-12
1281,5,POTOSI,50403,POCOATA,29,8,7,1,0,2020-07-12
1282,5,POTOSI,50404,OCURI,29,9,9,0,0,2020-07-12
1283,5,POTOSI,50502,TORO TORO,29,1,1,0,0,2020-07-12
1284,5,POTOSI,50601,COTAGAITA,29,3,3,0,0,2020-07-12
1285,5,POTOSI,50602,VITICHI,29,3,3,0,0,2020-07-12
1286,5,POTOSI,50701,SACACA,29,2,0,2,0,2020-07-12
1287,5,POTOSI,50702,CARIPUYO,29,3,3,0,0,2020-07-12
1288,5,POTOSI,50801,TUPIZA,29,1,1,0,0,2020-07-12
1289,5,POTOSI,50802,ATOCHA,29,24,23,1,0,2020-07-12
1290,5,POTOSI,50901,"COLCHA ""K""",29,20,12,0,8,2020-07-12
1291,5,POTOSI,51101,PUNA,29,4,4,0,0,2020-07-12
1292,5,POTOSI,51102,"CAIZA ""D""",29,11,10,1,0,2020-07-12
1293,5,POTOSI,51201,UYUNI,29,26,19,3,4,2020-07-12
1294,5,POTOSI,51202,TOMAVE,29,2,2,0,0,2020-07-12
1295,5,POTOSI,51302,ACACIO,29,2,2,0,0,2020-07-12
1296,5,POTOSI,51501,VILLAZON,29,32,32,0,0,2020-07-12
1297,5,POTOSI,51601,SAN AGUSTIN,29,1,1,0,0,2020-07-12
1298,6,TARIJA,60101,TARIJA,29,1498,1391,45,62,2020-07-12
1299,6,TARIJA,60201,PADCAYA,29,15,14,0,1,2020-07-12
1300,6,TARIJA,60202,BERMEJO,29,72,71,1,0,2020-07-12
1301,6,TARIJA,60301,YACUIBA,29,305,267,7,31,2020-07-12
1302,6,TARIJA,60302,CARAPARI,29,59,50,0,9,2020-07-12
1303,6,TARIJA,60303,VILLA MONTES,29,135,127,5,3,2020-07-12
1304,6,TARIJA,60401,URIONDO (A. CONCEPCION),29,82,81,1,0,2020-07-12
1305,6,TARIJA,60402,YUNCHARA,29,2,2,0,0,2020-07-12
1306,6,TARIJA,60501,SAN LORENZO(TJA),29,88,86,1,1,2020-07-12
1307,6,TARIJA,60502,EL PUENTE(TJA),29,29,28,1,0,2020-07-12
1308,6,TARIJA,60601,ENTRE RIOS TRJ,29,62,61,1,0,2020-07-12
1309,7,SANTA CRUZ,70101,SANTA CRUZ,29,20603,6580,594,13429,2020-07-12
1310,7,SANTA CRUZ,70102,COTOCA,29,374,340,2,32,2020-07-12
1311,7,SANTA CRUZ,70103,PORONGO,29,102,88,0,14,2020-07-12
1312,7,SANTA CRUZ,70104,LA GUARDIA,29,817,4,7,806,2020-07-12
1313,7,SANTA CRUZ,70105,EL TORNO,29,482,368,6,108,2020-07-12
1314,7,SANTA CRUZ,70201,WARNES,29,495,374,10,111,2020-07-12
1315,7,SANTA CRUZ,70202,OKINAWA UNO,29,81,27,5,49,2020-07-12
1316,7,SANTA CRUZ,70301,SAN IGNACIO DE VELASCO,29,212,187,22,3,2020-07-12
1317,7,SANTA CRUZ,70401,BUENA VISTA,29,51,49,0,2,2020-07-12
1318,7,SANTA CRUZ,70402,SAN CARLOS,29,169,161,0,8,2020-07-12
1319,7,SANTA CRUZ,70403,YAPACANI,29,461,452,0,9,2020-07-12
1320,7,SANTA CRUZ,70404,SAN JUAN DE YAPACANI,29,140,140,0,0,2020-07-12
1321,7,SANTA CRUZ,70501,SAN JOSÉ DE CHIQUITOS,29,173,164,9,0,2020-07-12
1322,7,SANTA CRUZ,70502,PAILON,29,268,259,2,7,2020-07-12
1323,7,SANTA CRUZ,70503,ROBORÉ,29,109,103,1,5,2020-07-12
1324,7,SANTA CRUZ,70601,PORTACHUELO,29,235,228,4,3,2020-07-12
1325,7,SANTA CRUZ,70602,SANTA ROSA DEL SARA,29,126,118,0,8,2020-07-12
1326,7,SANTA CRUZ,70603,COLPA BÉLGICA,29,121,107,8,6,2020-07-12
1327,7,SANTA CRUZ,70701,LAGUNILLAS,29,4,4,0,0,2020-07-12
1328,7,SANTA CRUZ,70703,CABEZAS,29,30,26,1,3,2020-07-12
1329,7,SANTA CRUZ,70706,CAMIRI,29,71,55,3,13,2020-07-12
1330,7,SANTA CRUZ,70801,VALLE GRANDE,29,53,24,4,25,2020-07-12
1331,7,SANTA CRUZ,70802,TRIGAL,29,9,3,0,6,2020-07-12
1332,7,SANTA CRUZ,70803,MORO MORO,29,23,3,0,20,2020-07-12
1333,7,SANTA CRUZ,70901,SAMAIPATA,29,18,17,0,1,2020-07-12
1334,7,SANTA CRUZ,70902,PAMPA GRANDE,29,23,22,1,0,2020-07-12
1335,7,SANTA CRUZ,70903,MAIRANA,29,55,37,2,16,2020-07-12
1336,7,SANTA CRUZ,71001,MONTERO,29,2593,1935,81,577,2020-07-12
1337,7,SANTA CRUZ,71002,GRAL. SAAVEDRA,29,70,43,2,25,2020-07-12
1338,7,SANTA CRUZ,71003,MINEROS,29,134,90,5,39,2020-07-12
1339,7,SANTA CRUZ,71004,FERNÁNDEZ ALONSO,29,154,95,1,58,2020-07-12
1340,7,SANTA CRUZ,71005,SAN PEDRO,29,302,254,1,47,2020-07-12
1341,7,SANTA CRUZ,71101,CONCEPCIÓN,29,80,73,4,3,2020-07-12
1342,7,SANTA CRUZ,71102,SAN JAVIER,29,56,46,3,7,2020-07-12
1343,7,SANTA CRUZ,71104,SAN JULIÁN,29,155,143,8,4,2020-07-12
1344,7,SANTA CRUZ,71106,CUATRO CAÑADAS,29,127,113,7,7,2020-07-12
1345,7,SANTA CRUZ,71401,PUERTO SUAREZ,29,69,68,0,1,2020-07-12
1346,7,SANTA CRUZ,71402,PUERTO QUIJARRO,29,160,160,0,0,2020-07-12
1347,7,SANTA CRUZ,71105,SAN ANTONIO DE LOMERÍO,29,34,33,1,0,2020-07-12
1348,7,SANTA CRUZ,71503,EL PUENTE (SCZ),29,12,11,0,1,2020-07-12
1349,7,SANTA CRUZ,71301,COMARAPA,29,47,47,0,0,2020-07-12
1350,7,SANTA CRUZ,70702,CHARAGUA,29,8,7,1,0,2020-07-12
1351,7,SANTA CRUZ,70904,QUIRUSILLAS,29,1,1,0,0,2020-07-12
1352,7,SANTA CRUZ,71501,ASCENCIÓN DE GUARAYOS,29,61,53,0,8,2020-07-12
1353,7,SANTA CRUZ,71201,SAN MATIAS,29,11,11,0,0,2020-07-12
1354,7,SANTA CRUZ,71502,URUBICHA,29,21,11,0,10,2020-07-12
1355,7,SANTA CRUZ,70705,GUTIERREZ,29,2,1,1,0,2020-07-12
1356,7,SANTA CRUZ,71403,CARMEN RIVERO TORREZ,29,21,21,0,0,2020-07-12
1357,7,SANTA CRUZ,71302,SAIPINA,29,3,3,0,0,2020-07-12
1358,7,SANTA CRUZ,70302,SAN MIGUEL DE VELASCO,29,18,17,1,0,2020-07-12
1359,7,SANTA CRUZ,70303,SAN RAFAEL,29,11,11,0,0,2020-07-12
1360,7,SANTA CRUZ,71103,SAN RAMON,29,29,29,0,0,2020-07-12
1361,8,BENI,80101,TRINIDAD,29,3507,3133,191,183,2020-07-12
1362,8,BENI,80102,SAN JAVIER(BNI),29,14,14,0,0,2020-07-12
1363,8,BENI,80201,RIBERALTA,29,437,376,49,12,2020-07-12
1364,8,BENI,80202,GUAYARAMERIN,29,459,430,29,0,2020-07-12
1365,8,BENI,80302,SAN BORJA,29,65,63,1,1,2020-07-12
1366,8,BENI,80303,SANTA ROSA,29,1,1,0,0,2020-07-12
1367,8,BENI,80304,RURRENABAQUE,29,20,18,2,0,2020-07-12
1368,8,BENI,80401,SANTA ANA,29,133,131,2,0,2020-07-12
1369,8,BENI,80402,EXALTACION,29,8,8,0,0,2020-07-12
1370,8,BENI,80501,SAN IGNACIO,29,73,67,0,6,2020-07-12
1371,8,BENI,80601,LORETO,29,52,51,1,0,2020-07-12
1372,8,BENI,80602,SAN ANDRES,29,87,87,0,0,2020-07-12
1373,8,BENI,80701,SAN JOAQUIN,29,129,125,4,0,2020-07-12
1374,8,BENI,80702,SAN RAMON BENI,29,83,81,2,0,2020-07-12
1375,9,PANDO,90101,COBIJA,29,1060,893,90,77,2020-07-12
1376,9,PANDO,90102,PORVENIR,29,35,34,1,0,2020-07-12
1377,9,PANDO,90103,BOLPEBRA,29,27,27,0,0,2020-07-12
1378,9,PANDO,90201,PUERTO RICO,29,5,4,1,0,2020-07-12
1379,9,PANDO,90203,FILADELFIA,29,19,17,1,1,2020-07-12
1380,9,PANDO,90301,PUERTO GONZALO MORENO,29,13,13,0,0,2020-07-12
1381,9,PANDO,90302,SAN LORENZO(PND),29,5,5,0,0,2020-07-12
1382,9,PANDO,90303,SENA,29,8,8,0,0,2020-07-12
1383,9,PANDO,90401,NACEBE (SANTA ROSA DEL ABUNA),29,5,4,1,0,2020-07-12
1384,9,PANDO,90104,BELLA FLOR,29,1,1,0,0,2020-07-12
1385,1,CHUQUISACA,10101,SUCRE,30,1522,1282,103,137,2020-07-19
1386,1,CHUQUISACA,10102,YOTALA,30,29,13,1,15,2020-07-19
1387,1,CHUQUISACA,10103,POROMA,30,7,7,0,0,2020-07-19
1388,1,CHUQUISACA,10201,AZURDUY,30,7,7,0,0,2020-07-19
1389,1,CHUQUISACA,10202,TARVITA,30,7,7,0,0,2020-07-19
1390,1,CHUQUISACA,10301,ZUDAÑEZ,30,9,8,0,1,2020-07-19
1391,1,CHUQUISACA,10302,PRESTO,30,10,2,0,8,2020-07-19
1392,1,CHUQUISACA,10303,MOJOCOYA,30,5,2,0,3,2020-07-19
1393,1,CHUQUISACA,10304,ICLA,30,11,0,0,11,2020-07-19
1394,1,CHUQUISACA,10401,PADILLA,30,15,14,0,1,2020-07-19
1395,1,CHUQUISACA,10402,TOMINA,30,14,8,0,6,2020-07-19
1396,1,CHUQUISACA,10403,SOPACHUY,30,3,3,0,0,2020-07-19
1397,1,CHUQUISACA,10404,ALCALA,30,9,4,0,5,2020-07-19
1398,1,CHUQUISACA,10405,EL VILLAR,30,1,0,0,1,2020-07-19
1399,1,CHUQUISACA,10501,MONTEAGUDO,30,47,7,0,40,2020-07-19
1400,1,CHUQUISACA,10601,TARABUCO,30,9,7,0,2,2020-07-19
1401,1,CHUQUISACA,10602,YAMPARAEZ,30,17,5,0,12,2020-07-19
1402,1,CHUQUISACA,10701,CAMARGO,30,9,8,0,1,2020-07-19
1403,1,CHUQUISACA,10702,SAN LUCAS,30,14,9,2,3,2020-07-19
1404,1,CHUQUISACA,10703,INCAHUASI,30,14,2,0,12,2020-07-19
1405,1,CHUQUISACA,10704,VILLA CHARCAS,30,4,0,0,4,2020-07-19
1406,1,CHUQUISACA,10801,VILLA SERRANO,30,9,6,0,3,2020-07-19
1407,1,CHUQUISACA,10901,CAMATAQUI (C. VILLA ABECIA),30,4,3,0,1,2020-07-19
1408,1,CHUQUISACA,10902,CULPINA,30,23,18,2,3,2020-07-19
1409,1,CHUQUISACA,10903,LAS CARRERAS,30,3,2,0,1,2020-07-19
1410,1,CHUQUISACA,11001,VILLA VACA GUZMAN (MUYUPAMPA),30,21,9,0,12,2020-07-19
1411,1,CHUQUISACA,11003,MACHARETI,30,3,3,0,0,2020-07-19
1412,2,LA PAZ,20101,LA PAZ,30,9038,8401,102,535,2020-07-19
1413,2,LA PAZ,20103,MECAPACA,30,11,11,0,0,2020-07-19
1414,2,LA PAZ,20104,ACHOCALLA,30,23,18,0,5,2020-07-19
1415,2,LA PAZ,20105,EL ALTO,30,3639,3282,73,284,2020-07-19
1416,2,LA PAZ,20201,ACHACACHI,30,13,9,3,1,2020-07-19
1417,2,LA PAZ,20202,ANCORAIMES,30,2,1,0,1,2020-07-19
1418,2,LA PAZ,20203,CHUA COCANI,30,1,1,0,0,2020-07-19
1419,2,LA PAZ,20205,SANTIAGO DE HUATA,30,1,1,0,0,2020-07-19
1420,2,LA PAZ,20301,CORO CORO,30,7,6,0,1,2020-07-19
1421,2,LA PAZ,20405,ESCOMA,30,4,3,1,0,2020-07-19
1422,2,LA PAZ,20501,CHUMA,30,1,1,0,0,2020-07-19
1423,2,LA PAZ,20502,AYATA,30,1,1,0,0,2020-07-19
1424,2,LA PAZ,20601,SORATA,30,3,3,0,0,2020-07-19
1425,2,LA PAZ,20602,GUANAY,30,1,1,0,0,2020-07-19
1426,2,LA PAZ,20607,MAPIRI,30,2,1,1,0,2020-07-19
1427,2,LA PAZ,20608,TEOPONTE,30,7,6,0,1,2020-07-19
1428,2,LA PAZ,20702,PELECHUCO,30,1,1,0,0,2020-07-19
1429,2,LA PAZ,20801,VIACHA,30,220,176,1,43,2020-07-19
1430,2,LA PAZ,20802,GUAQUI,30,1,1,0,0,2020-07-19
1431,2,LA PAZ,20803,TIAWANACU,30,2,2,0,0,2020-07-19
1432,2,LA PAZ,20902,SAPAHAQUI,30,3,3,0,0,2020-07-19
1433,2,LA PAZ,20904,MALLA,30,6,5,0,1,2020-07-19
1434,2,LA PAZ,20905,CAIROMA,30,16,5,0,11,2020-07-19
1435,2,LA PAZ,21001,INQUISIVI,30,1,1,0,0,2020-07-19
1436,2,LA PAZ,21002,QUIME,30,2,2,0,0,2020-07-19
1437,2,LA PAZ,21003,CAJUATA,30,2,0,1,1,2020-07-19
1438,2,LA PAZ,21004,COLQUIRI,30,55,39,5,11,2020-07-19
1439,2,LA PAZ,21005,ICHOCA,30,1,0,0,1,2020-07-19
1440,2,LA PAZ,21101,CHULUMANI (V. DE LA LIBERTAD),30,18,12,3,3,2020-07-19
1441,2,LA PAZ,21102,IRUPANA (VILLA DE LANZA),30,15,13,2,0,2020-07-19
1442,2,LA PAZ,21103,YANACACHI,30,9,8,0,1,2020-07-19
1443,2,LA PAZ,21104,PALOS BLANCOS,30,20,17,2,1,2020-07-19
1444,2,LA PAZ,21105,LA ASUNTA,30,4,3,1,0,2020-07-19
1445,2,LA PAZ,21201,PUCARANI,30,12,10,1,1,2020-07-19
1446,2,LA PAZ,21202,LAJA,30,9,7,2,0,2020-07-19
1447,2,LA PAZ,21203,BATALLAS,30,18,16,2,0,2020-07-19
1448,2,LA PAZ,21301,SICA SICA (VILLA AROMA),30,8,5,2,1,2020-07-19
1449,2,LA PAZ,21302,UMALA,30,15,7,2,6,2020-07-19
1450,2,LA PAZ,21304,CALAMARCA,30,1,1,0,0,2020-07-19
1451,2,LA PAZ,21305,PATACAMAYA,30,59,28,6,25,2020-07-19
1452,2,LA PAZ,21306,COLQUENCHA,30,1,1,0,0,2020-07-19
1453,2,LA PAZ,21307,COLLANA,30,1,1,0,0,2020-07-19
1454,2,LA PAZ,21401,COROICO,30,21,21,0,0,2020-07-19
1455,2,LA PAZ,21402,CORIPATA,30,26,17,4,5,2020-07-19
1456,2,LA PAZ,21502,SAN BUENA VENTURA,30,10,9,1,0,2020-07-19
1457,2,LA PAZ,21701,COPACABANA,30,5,4,0,1,2020-07-19
1458,2,LA PAZ,22001,CARANAVI,30,52,42,2,8,2020-07-19
1459,2,LA PAZ,22002,ALTO BENI,30,3,2,1,0,2020-07-19
1460,3,COCHABAMBA,30101,COCHABAMBA,30,4207,3052,338,817,2020-07-19
1461,3,COCHABAMBA,30201,AIQUILE,30,17,16,1,0,2020-07-19
1462,3,COCHABAMBA,30203,OMEREQUE,30,14,8,1,5,2020-07-19
1463,3,COCHABAMBA,30301,AYOPAYA (V. DE INDEPENDENCIA),30,2,2,0,0,2020-07-19
1464,3,COCHABAMBA,30303,COCAPATA,30,2,2,0,0,2020-07-19
1465,3,COCHABAMBA,30401,TARATA,30,15,11,1,3,2020-07-19
1466,3,COCHABAMBA,30402,ANZALDO,30,3,3,0,0,2020-07-19
1467,3,COCHABAMBA,30403,ARBIETO,30,14,13,1,0,2020-07-19
1468,3,COCHABAMBA,30501,ARANI,30,10,7,2,1,2020-07-19
1469,3,COCHABAMBA,30502,VACAS,30,4,2,0,2,2020-07-19
1470,3,COCHABAMBA,30601,ARQUE,30,2,0,2,0,2020-07-19
1471,3,COCHABAMBA,30701,CAPINOTA,30,37,33,3,1,2020-07-19
1472,3,COCHABAMBA,30702,SANTIVAÑES,30,27,7,1,19,2020-07-19
1473,3,COCHABAMBA,30703,SICAYA,30,4,0,0,4,2020-07-19
1474,3,COCHABAMBA,30801,CLIZA,30,15,10,2,3,2020-07-19
1475,3,COCHABAMBA,30802,TOCO,30,5,4,1,0,2020-07-19
1476,3,COCHABAMBA,30803,TOLATA,30,7,5,1,1,2020-07-19
1477,3,COCHABAMBA,30901,QUILLACOLLO,30,555,396,30,129,2020-07-19
1478,3,COCHABAMBA,30902,SIPE SIPE,30,107,30,6,71,2020-07-19
1479,3,COCHABAMBA,30903,TIQUIPAYA,30,142,103,6,33,2020-07-19
1480,3,COCHABAMBA,30904,VINTO,30,139,63,12,64,2020-07-19
1481,3,COCHABAMBA,30905,COLCAPIRHUA,30,111,83,12,16,2020-07-19
1482,3,COCHABAMBA,31001,SACABA,30,583,322,45,216,2020-07-19
1483,3,COCHABAMBA,31002,COLOMI,30,19,16,3,0,2020-07-19
1484,3,COCHABAMBA,31003,VILLA TUNARI,30,106,65,7,34,2020-07-19
1485,3,COCHABAMBA,31101,TAPACARI,30,12,9,2,1,2020-07-19
1486,3,COCHABAMBA,31201,TOTORA(CBBA),30,4,4,0,0,2020-07-19
1487,3,COCHABAMBA,31202,POJO (CBBA),30,2,0,0,2,2020-07-19
1488,3,COCHABAMBA,31203,POCONA,30,1,1,0,0,2020-07-19
1489,3,COCHABAMBA,31204,CHIMORE,30,125,24,11,90,2020-07-19
1490,3,COCHABAMBA,31205,PUERTO VILLARROEL,30,432,266,25,141,2020-07-19
1491,3,COCHABAMBA,31206,ENTRE RIOS CBBA,30,375,177,37,161,2020-07-19
1492,3,COCHABAMBA,31301,MIZQUE,30,12,4,2,6,2020-07-19
1493,3,COCHABAMBA,31302,VILA VILA,30,2,2,0,0,2020-07-19
1494,3,COCHABAMBA,31401,PUNATA,30,77,22,14,41,2020-07-19
1495,3,COCHABAMBA,31402,VILLA RIVERO,30,1,1,0,0,2020-07-19
1496,3,COCHABAMBA,31403,SAN BENITO,30,38,34,1,3,2020-07-19
1497,3,COCHABAMBA,31404,TACACHI,30,1,1,0,0,2020-07-19
1498,3,COCHABAMBA,31501,BOLIVAR,30,5,3,0,2,2020-07-19
1499,3,COCHABAMBA,31601,TIRAQUE (CBBA),30,5,4,0,1,2020-07-19
1500,3,COCHABAMBA,31602,SHINAOTA,30,181,102,4,75,2020-07-19
1501,4,ORURO,40101,ORURO,30,2120,1656,126,338,2020-07-19
1502,4,ORURO,40102,CARACOLLO,30,12,1,10,1,2020-07-19
1503,4,ORURO,40104,SORACACHI,30,2,1,1,0,2020-07-19
1504,4,ORURO,40201,CHALLAPATA,30,62,56,3,3,2020-07-19
1505,4,ORURO,40202,SANTUARIO DE QUILLACAS,30,14,11,0,3,2020-07-19
1506,4,ORURO,40402,TURCO,30,3,3,0,0,2020-07-19
1507,4,ORURO,40501,HUACHACALLA,30,25,24,0,1,2020-07-19
1508,4,ORURO,40505,ESMERALDA,30,7,7,0,0,2020-07-19
1509,4,ORURO,40601,POOPO,30,7,6,1,0,2020-07-19
1510,4,ORURO,40603,ANTEQUERA,30,6,6,0,0,2020-07-19
1511,4,ORURO,40701,HUANUNI,30,330,241,25,64,2020-07-19
1512,4,ORURO,40702,MACHACAMARCA,30,7,3,1,3,2020-07-19
1513,4,ORURO,40801,SALINAS DE GARCI MENDOZA,30,7,7,0,0,2020-07-19
1514,4,ORURO,40901,SABAYA,30,6,3,1,2,2020-07-19
1515,4,ORURO,40902,COIPASA,30,1,1,0,0,2020-07-19
1516,4,ORURO,41001,TOLEDO,30,3,2,1,0,2020-07-19
1517,4,ORURO,41101,EUCALIPTUS,30,30,15,3,12,2020-07-19
1518,4,ORURO,41201,ANDAMARCA,30,1,1,0,0,2020-07-19
1519,4,ORURO,41301,TOTORA(ORR),30,1,1,0,0,2020-07-19
1520,4,ORURO,41401,SANTIAGO DE HUARI,30,8,4,4,0,2020-07-19
1521,4,ORURO,41503,CARANGAS,30,1,0,1,0,2020-07-19
1522,4,ORURO,41601,HUAYLLAMARCA,30,4,1,2,1,2020-07-19
1523,5,POTOSI,50101,POTOSI,30,548,397,18,133,2020-07-19
1524,5,POTOSI,50102,TINGUIPAYA,30,7,7,0,0,2020-07-19
1525,5,POTOSI,50201,UNCIA,30,121,112,0,9,2020-07-19
1526,5,POTOSI,50202,CHAYANTA,30,17,17,0,0,2020-07-19
1527,5,POTOSI,50203,LLALLAGUA,30,433,391,12,30,2020-07-19
1528,5,POTOSI,50204,CHUQUIHUTA AYLLU JUCUMANI,30,8,7,1,0,2020-07-19
1529,5,POTOSI,50301,BETANZOS,30,37,34,2,1,2020-07-19
1530,5,POTOSI,50401,COLQUECHACA,30,9,9,0,0,2020-07-19
1531,5,POTOSI,50402,RAVELO,30,2,2,0,0,2020-07-19
1532,5,POTOSI,50403,POCOATA,30,12,11,1,0,2020-07-19
1533,5,POTOSI,50404,OCURI,30,12,12,0,0,2020-07-19
1534,5,POTOSI,50501,SAN PEDRO DE BUENA VISTA,30,1,1,0,0,2020-07-19
1535,5,POTOSI,50502,TORO TORO,30,3,3,0,0,2020-07-19
1536,5,POTOSI,50601,COTAGAITA,30,3,3,0,0,2020-07-19
1537,5,POTOSI,50602,VITICHI,30,3,3,0,0,2020-07-19
1538,5,POTOSI,50701,SACACA,30,2,0,2,0,2020-07-19
1539,5,POTOSI,50702,CARIPUYO,30,3,3,0,0,2020-07-19
1540,5,POTOSI,50801,TUPIZA,30,1,1,0,0,2020-07-19
1541,5,POTOSI,50802,ATOCHA,30,24,23,1,0,2020-07-19
1542,5,POTOSI,50901,"COLCHA ""K""",30,30,19,1,10,2020-07-19
1543,5,POTOSI,51101,PUNA,30,11,9,2,0,2020-07-19
1544,5,POTOSI,51102,"CAIZA ""D""",30,12,11,1,0,2020-07-19
1545,5,POTOSI,51201,UYUNI,30,39,29,6,4,2020-07-19
1546,5,POTOSI,51202,TOMAVE,30,5,5,0,0,2020-07-19
1547,5,POTOSI,51302,ACACIO,30,4,4,0,0,2020-07-19
1548,5,POTOSI,51402,TAHUA,30,1,1,0,0,2020-07-19
1549,5,POTOSI,51501,VILLAZON,30,41,34,2,5,2020-07-19
1550,5,POTOSI,51601,SAN AGUSTIN,30,1,1,0,0,2020-07-19
1551,6,TARIJA,60101,TARIJA,30,1755,1533,53,169,2020-07-19
1552,6,TARIJA,60201,PADCAYA,30,25,23,0,2,2020-07-19
1553,6,TARIJA,60202,BERMEJO,30,102,99,3,0,2020-07-19
1554,6,TARIJA,60301,YACUIBA,30,388,326,9,53,2020-07-19
1555,6,TARIJA,60302,CARAPARI,30,77,63,0,14,2020-07-19
1556,6,TARIJA,60303,VILLA MONTES,30,145,121,5,19,2020-07-19
1557,6,TARIJA,60401,URIONDO (A. CONCEPCION),30,120,116,1,3,2020-07-19
1558,6,TARIJA,60402,YUNCHARA,30,3,3,0,0,2020-07-19
1559,6,TARIJA,60501,SAN LORENZO(TJA),30,104,99,2,3,2020-07-19
1560,6,TARIJA,60502,EL PUENTE(TJA),30,35,30,2,3,2020-07-19
1561,6,TARIJA,60601,ENTRE RIOS TRJ,30,71,58,1,12,2020-07-19
1562,7,SANTA CRUZ,70101,SANTA CRUZ,30,21944,7016,698,14230,2020-07-19
1563,7,SANTA CRUZ,70102,COTOCA,30,535,478,7,50,2020-07-19
1564,7,SANTA CRUZ,70103,PORONGO,30,133,108,0,25,2020-07-19
1565,7,SANTA CRUZ,70104,LA GUARDIA,30,972,76,7,889,2020-07-19
1566,7,SANTA CRUZ,70105,EL TORNO,30,558,407,28,123,2020-07-19
1567,7,SANTA CRUZ,70201,WARNES,30,613,491,10,112,2020-07-19
1568,7,SANTA CRUZ,70202,OKINAWA UNO,30,93,39,5,49,2020-07-19
1569,7,SANTA CRUZ,70301,SAN IGNACIO DE VELASCO,30,234,200,22,12,2020-07-19
1570,7,SANTA CRUZ,70401,BUENA VISTA,30,73,66,0,7,2020-07-19
1571,7,SANTA CRUZ,70402,SAN CARLOS,30,193,177,0,16,2020-07-19
1572,7,SANTA CRUZ,70403,YAPACANI,30,543,527,0,16,2020-07-19
1573,7,SANTA CRUZ,70404,SAN JUAN DE YAPACANI,30,144,144,0,0,2020-07-19
1574,7,SANTA CRUZ,70501,SAN JOSÉ DE CHIQUITOS,30,212,202,9,1,2020-07-19
1575,7,SANTA CRUZ,70502,PAILON,30,299,277,2,20,2020-07-19
1576,7,SANTA CRUZ,70503,ROBORÉ,30,144,138,1,5,2020-07-19
1577,7,SANTA CRUZ,70601,PORTACHUELO,30,256,245,4,7,2020-07-19
1578,7,SANTA CRUZ,70602,SANTA ROSA DEL SARA,30,167,159,0,8,2020-07-19
1579,7,SANTA CRUZ,70603,COLPA BÉLGICA,30,133,110,8,15,2020-07-19
1580,7,SANTA CRUZ,70701,LAGUNILLAS,30,4,4,0,0,2020-07-19
1581,7,SANTA CRUZ,70703,CABEZAS,30,33,29,1,3,2020-07-19
1582,7,SANTA CRUZ,70706,CAMIRI,30,100,84,3,13,2020-07-19
1583,7,SANTA CRUZ,70801,VALLE GRANDE,30,68,27,4,37,2020-07-19
1584,7,SANTA CRUZ,70802,TRIGAL,30,11,3,0,8,2020-07-19
1585,7,SANTA CRUZ,70803,MORO MORO,30,23,3,0,20,2020-07-19
1586,7,SANTA CRUZ,70901,SAMAIPATA,30,28,25,0,3,2020-07-19
1587,7,SANTA CRUZ,70902,PAMPA GRANDE,30,27,26,1,0,2020-07-19
1588,7,SANTA CRUZ,70903,MAIRANA,30,64,44,2,18,2020-07-19
1589,7,SANTA CRUZ,71001,MONTERO,30,2703,2030,81,592,2020-07-19
1590,7,SANTA CRUZ,71002,GRAL. SAAVEDRA,30,72,44,2,26,2020-07-19
1591,7,SANTA CRUZ,71003,MINEROS,30,135,86,5,44,2020-07-19
1592,7,SANTA CRUZ,71004,FERNÁNDEZ ALONSO,30,167,105,1,61,2020-07-19
1593,7,SANTA CRUZ,71005,SAN PEDRO,30,319,271,1,47,2020-07-19
1594,7,SANTA CRUZ,71101,CONCEPCIÓN,30,134,123,4,7,2020-07-19
1595,7,SANTA CRUZ,71102,SAN JAVIER,30,63,47,3,13,2020-07-19
1596,7,SANTA CRUZ,71104,SAN JULIÁN,30,185,166,8,11,2020-07-19
1597,7,SANTA CRUZ,71106,CUATRO CAÑADAS,30,140,116,7,17,2020-07-19
1598,7,SANTA CRUZ,71401,PUERTO SUAREZ,30,71,70,0,1,2020-07-19
1599,7,SANTA CRUZ,71402,PUERTO QUIJARRO,30,168,167,0,1,2020-07-19
1600,7,SANTA CRUZ,71105,SAN ANTONIO DE LOMERÍO,30,34,33,1,0,2020-07-19
1601,7,SANTA CRUZ,71503,EL PUENTE (SCZ),30,28,26,0,2,2020-07-19
1602,7,SANTA CRUZ,71301,COMARAPA,30,51,51,0,0,2020-07-19
1603,7,SANTA CRUZ,70702,CHARAGUA,30,9,8,1,0,2020-07-19
1604,7,SANTA CRUZ,70904,QUIRUSILLAS,30,1,1,0,0,2020-07-19
1605,7,SANTA CRUZ,71501,ASCENCIÓN DE GUARAYOS,30,64,54,0,10,2020-07-19
1606,7,SANTA CRUZ,71201,SAN MATIAS,30,38,38,0,0,2020-07-19
1607,7,SANTA CRUZ,71502,URUBICHA,30,29,15,0,14,2020-07-19
1608,7,SANTA CRUZ,70705,GUTIERREZ,30,2,1,1,0,2020-07-19
1609,7,SANTA CRUZ,71403,CARMEN RIVERO TORREZ,30,23,23,0,0,2020-07-19
1610,7,SANTA CRUZ,71302,SAIPINA,30,14,14,0,0,2020-07-19
1611,7,SANTA CRUZ,70302,SAN MIGUEL DE VELASCO,30,21,17,1,3,2020-07-19
1612,7,SANTA CRUZ,70303,SAN RAFAEL,30,11,11,0,0,2020-07-19
1613,7,SANTA CRUZ,71103,SAN RAMON,30,52,51,0,1,2020-07-19
1614,8,BENI,80101,TRINIDAD,30,3528,3150,193,185,2020-07-19
1615,8,BENI,80102,SAN JAVIER(BNI),30,14,14,0,0,2020-07-19
1616,8,BENI,80201,RIBERALTA,30,602,535,52,15,2020-07-19
1617,8,BENI,80202,GUAYARAMERIN,30,459,430,29,0,2020-07-19
1618,8,BENI,80301,REYES,30,1,1,0,0,2020-07-19
1619,8,BENI,80302,SAN BORJA,30,92,88,3,1,2020-07-19
1620,8,BENI,80303,SANTA ROSA,30,1,0,0,1,2020-07-19
1621,8,BENI,80304,RURRENABAQUE,30,26,23,2,1,2020-07-19
1622,8,BENI,80401,SANTA ANA,30,134,132,2,0,2020-07-19
1623,8,BENI,80402,EXALTACION,30,8,8,0,0,2020-07-19
1624,8,BENI,80501,SAN IGNACIO,30,73,66,1,6,2020-07-19
1625,8,BENI,80601,LORETO,30,52,51,1,0,2020-07-19
1626,8,BENI,80602,SAN ANDRES,30,87,87,0,0,2020-07-19
1627,8,BENI,80701,SAN JOAQUIN,30,129,125,4,0,2020-07-19
1628,8,BENI,80702,SAN RAMON BENI,30,83,81,2,0,2020-07-19
1629,9,PANDO,90101,COBIJA,30,1202,973,113,116,2020-07-19
1630,9,PANDO,90102,PORVENIR,30,36,35,1,0,2020-07-19
1631,9,PANDO,90103,BOLPEBRA,30,27,22,0,5,2020-07-19
1632,9,PANDO,90201,PUERTO RICO,30,6,5,1,0,2020-07-19
1633,9,PANDO,90203,FILADELFIA,30,20,5,1,14,2020-07-19
1634,9,PANDO,90301,PUERTO GONZALO MORENO,30,20,20,0,0,2020-07-19
1635,9,PANDO,90302,SAN LORENZO(PND),30,11,11,0,0,2020-07-19
1636,9,PANDO,90303,SENA,30,33,33,0,0,2020-07-19
1637,9,PANDO,90401,NACEBE (SANTA ROSA DEL ABUNA),30,9,8,1,0,2020-07-19
1638,9,PANDO,90104,BELLA FLOR,30,1,1,0,0,2020-07-19
1639,1,CHUQUISACA,10101,SUCRE,31,1746,1374,154,218,2020-07-26
1640,1,CHUQUISACA,10102,YOTALA,31,29,1,1,27,2020-07-26
1641,1,CHUQUISACA,10103,POROMA,31,7,1,0,6,2020-07-26
1642,1,CHUQUISACA,10201,AZURDUY,31,7,0,0,7,2020-07-26
1643,1,CHUQUISACA,10202,TARVITA,31,7,0,0,7,2020-07-26
1644,1,CHUQUISACA,10301,ZUDAÑEZ,31,12,8,0,4,2020-07-26
1645,1,CHUQUISACA,10302,PRESTO,31,10,0,0,10,2020-07-26
1646,1,CHUQUISACA,10303,MOJOCOYA,31,7,4,0,3,2020-07-26
1647,1,CHUQUISACA,10304,ICLA,31,12,1,0,11,2020-07-26
1648,1,CHUQUISACA,10401,PADILLA,31,15,0,0,15,2020-07-26
1649,1,CHUQUISACA,10402,TOMINA,31,14,0,0,14,2020-07-26
1650,1,CHUQUISACA,10403,SOPACHUY,31,3,0,0,3,2020-07-26
1651,1,CHUQUISACA,10404,ALCALA,31,10,3,0,7,2020-07-26
1652,1,CHUQUISACA,10405,EL VILLAR,31,1,0,0,1,2020-07-26
1653,1,CHUQUISACA,10501,MONTEAGUDO,31,57,13,0,44,2020-07-26
1654,1,CHUQUISACA,10601,TARABUCO,31,9,5,0,4,2020-07-26
1655,1,CHUQUISACA,10602,YAMPARAEZ,31,17,4,0,13,2020-07-26
1656,1,CHUQUISACA,10701,CAMARGO,31,19,16,1,2,2020-07-26
1657,1,CHUQUISACA,10702,SAN LUCAS,31,18,10,2,6,2020-07-26
1658,1,CHUQUISACA,10703,INCAHUASI,31,14,2,0,12,2020-07-26
1659,1,CHUQUISACA,10704,VILLA CHARCAS,31,5,1,0,4,2020-07-26
1660,1,CHUQUISACA,10801,VILLA SERRANO,31,10,2,0,8,2020-07-26
1661,1,CHUQUISACA,10901,CAMATAQUI (C. VILLA ABECIA),31,4,3,0,1,2020-07-26
1662,1,CHUQUISACA,10902,CULPINA,31,23,3,2,18,2020-07-26
1663,1,CHUQUISACA,10903,LAS CARRERAS,31,4,3,0,1,2020-07-26
1664,1,CHUQUISACA,11001,VILLA VACA GUZMAN (MUYUPAMPA),31,30,18,0,12,2020-07-26
1665,1,CHUQUISACA,11003,MACHARETI,31,4,1,0,3,2020-07-26
1666,2,LA PAZ,20101,LA PAZ,31,11203,10406,152,645,2020-07-26
1667,2,LA PAZ,20103,MECAPACA,31,14,13,1,0,2020-07-26
1668,2,LA PAZ,20104,ACHOCALLA,31,24,19,0,5,2020-07-26
1669,2,LA PAZ,20105,EL ALTO,31,4429,4001,101,327,2020-07-26
1670,2,LA PAZ,20201,ACHACACHI,31,14,10,3,1,2020-07-26
1671,2,LA PAZ,20202,ANCORAIMES,31,2,1,0,1,2020-07-26
1672,2,LA PAZ,20203,CHUA COCANI,31,1,1,0,0,2020-07-26
1673,2,LA PAZ,20205,SANTIAGO DE HUATA,31,1,1,0,0,2020-07-26
1674,2,LA PAZ,20301,CORO CORO,31,8,7,0,1,2020-07-26
1675,2,LA PAZ,20306,WALDO BALLIVIAN,31,2,2,0,0,2020-07-26
1676,2,LA PAZ,20403,PUERTO CARABUCO,31,1,1,0,0,2020-07-26
1677,2,LA PAZ,20404,HUMANATA,31,2,2,0,0,2020-07-26
1678,2,LA PAZ,20405,ESCOMA,31,4,3,1,0,2020-07-26
1679,2,LA PAZ,20501,CHUMA,31,1,1,0,0,2020-07-26
1680,2,LA PAZ,20502,AYATA,31,2,2,0,0,2020-07-26
1681,2,LA PAZ,20601,SORATA,31,4,4,0,0,2020-07-26
1682,2,LA PAZ,20602,GUANAY,31,1,1,0,0,2020-07-26
1683,2,LA PAZ,20603,TACACOMA,31,1,1,0,0,2020-07-26
1684,2,LA PAZ,20606,TIPUANI,31,1,1,0,0,2020-07-26
1685,2,LA PAZ,20607,MAPIRI,31,2,1,1,0,2020-07-26
1686,2,LA PAZ,20608,TEOPONTE,31,7,6,0,1,2020-07-26
1687,2,LA PAZ,20702,PELECHUCO,31,1,1,0,0,2020-07-26
1688,2,LA PAZ,20801,VIACHA,31,279,228,2,49,2020-07-26
1689,2,LA PAZ,20802,GUAQUI,31,1,1,0,0,2020-07-26
1690,2,LA PAZ,20803,TIAWANACU,31,2,2,0,0,2020-07-26
1691,2,LA PAZ,20902,SAPAHAQUI,31,4,4,0,0,2020-07-26
1692,2,LA PAZ,20904,MALLA,31,6,5,0,1,2020-07-26
1693,2,LA PAZ,20905,CAIROMA,31,16,5,0,11,2020-07-26
1694,2,LA PAZ,21001,INQUISIVI,31,1,1,0,0,2020-07-26
1695,2,LA PAZ,21002,QUIME,31,2,1,1,0,2020-07-26
1696,2,LA PAZ,21003,CAJUATA,31,2,0,1,1,2020-07-26
1697,2,LA PAZ,21004,COLQUIRI,31,63,46,6,11,2020-07-26
1698,2,LA PAZ,21005,ICHOCA,31,1,0,0,1,2020-07-26
1699,2,LA PAZ,21101,CHULUMANI (V. DE LA LIBERTAD),31,19,12,4,3,2020-07-26
1700,2,LA PAZ,21102,IRUPANA (VILLA DE LANZA),31,15,13,2,0,2020-07-26
1701,2,LA PAZ,21103,YANACACHI,31,9,8,0,1,2020-07-26
1702,2,LA PAZ,21104,PALOS BLANCOS,31,21,17,3,1,2020-07-26
1703,2,LA PAZ,21105,LA ASUNTA,31,4,3,1,0,2020-07-26
1704,2,LA PAZ,21201,PUCARANI,31,12,10,1,1,2020-07-26
1705,2,LA PAZ,21202,LAJA,31,10,6,3,1,2020-07-26
1706,2,LA PAZ,21203,BATALLAS,31,22,20,2,0,2020-07-26
1707,2,LA PAZ,21301,SICA SICA (VILLA AROMA),31,8,5,2,1,2020-07-26
1708,2,LA PAZ,21302,UMALA,31,15,6,2,7,2020-07-26
1709,2,LA PAZ,21304,CALAMARCA,31,1,1,0,0,2020-07-26
1710,2,LA PAZ,21305,PATACAMAYA,31,59,26,6,27,2020-07-26
1711,2,LA PAZ,21307,COLLANA,31,1,1,0,0,2020-07-26
1712,2,LA PAZ,21401,COROICO,31,21,21,0,0,2020-07-26
1713,2,LA PAZ,21402,CORIPATA,31,28,19,4,5,2020-07-26
1714,2,LA PAZ,21502,SAN BUENA VENTURA,31,11,4,1,6,2020-07-26
1715,2,LA PAZ,21701,COPACABANA,31,5,4,0,1,2020-07-26
1716,2,LA PAZ,21802,PAPEL PAMPA,31,1,1,0,0,2020-07-26
1717,2,LA PAZ,22001,CARANAVI,31,58,48,2,8,2020-07-26
1718,2,LA PAZ,22002,ALTO BENI,31,3,2,1,0,2020-07-26
1719,3,COCHABAMBA,30101,COCHABAMBA,31,5498,3910,423,1165,2020-07-26
1720,3,COCHABAMBA,30201,AIQUILE,31,24,23,1,0,2020-07-26
1721,3,COCHABAMBA,30203,OMEREQUE,31,14,8,1,5,2020-07-26
1722,3,COCHABAMBA,30301,AYOPAYA (V. DE INDEPENDENCIA),31,3,3,0,0,2020-07-26
1723,3,COCHABAMBA,30303,COCAPATA,31,2,1,1,0,2020-07-26
1724,3,COCHABAMBA,30401,TARATA,31,17,8,6,3,2020-07-26
1725,3,COCHABAMBA,30402,ANZALDO,31,3,3,0,0,2020-07-26
1726,3,COCHABAMBA,30403,ARBIETO,31,15,10,2,3,2020-07-26
1727,3,COCHABAMBA,30501,ARANI,31,18,13,2,3,2020-07-26
1728,3,COCHABAMBA,30502,VACAS,31,6,4,0,2,2020-07-26
1729,3,COCHABAMBA,30601,ARQUE,31,2,0,2,0,2020-07-26
1730,3,COCHABAMBA,30701,CAPINOTA,31,55,45,4,6,2020-07-26
1731,3,COCHABAMBA,30702,SANTIVAÑES,31,27,1,1,25,2020-07-26
1732,3,COCHABAMBA,30703,SICAYA,31,8,4,0,4,2020-07-26
1733,3,COCHABAMBA,30801,CLIZA,31,23,15,3,5,2020-07-26
1734,3,COCHABAMBA,30802,TOCO,31,7,6,1,0,2020-07-26
1735,3,COCHABAMBA,30803,TOLATA,31,16,14,1,1,2020-07-26
1736,3,COCHABAMBA,30901,QUILLACOLLO,31,705,478,34,193,2020-07-26
1737,3,COCHABAMBA,30902,SIPE SIPE,31,160,73,7,80,2020-07-26
1738,3,COCHABAMBA,30903,TIQUIPAYA,31,170,117,8,45,2020-07-26
1739,3,COCHABAMBA,30904,VINTO,31,171,82,14,75,2020-07-26
1740,3,COCHABAMBA,30905,COLCAPIRHUA,31,139,99,14,26,2020-07-26
1741,3,COCHABAMBA,31001,SACABA,31,664,343,47,274,2020-07-26
1742,3,COCHABAMBA,31002,COLOMI,31,32,23,3,6,2020-07-26
1743,3,COCHABAMBA,31003,VILLA TUNARI,31,117,55,7,55,2020-07-26
1744,3,COCHABAMBA,31101,TAPACARI,31,12,9,2,1,2020-07-26
1745,3,COCHABAMBA,31201,TOTORA(CBBA),31,27,26,0,1,2020-07-26
1746,3,COCHABAMBA,31202,POJO (CBBA),31,12,10,0,2,2020-07-26
1747,3,COCHABAMBA,31203,POCONA,31,6,6,0,0,2020-07-26
1748,3,COCHABAMBA,31204,CHIMORE,31,146,31,11,104,2020-07-26
1749,3,COCHABAMBA,31205,PUERTO VILLARROEL,31,448,234,26,188,2020-07-26
1750,3,COCHABAMBA,31206,ENTRE RIOS CBBA,31,398,144,37,217,2020-07-26
1751,3,COCHABAMBA,31301,MIZQUE,31,28,20,2,6,2020-07-26
1752,3,COCHABAMBA,31302,VILA VILA,31,2,2,0,0,2020-07-26
1753,3,COCHABAMBA,31401,PUNATA,31,100,28,16,56,2020-07-26
1754,3,COCHABAMBA,31402,VILLA RIVERO,31,5,5,0,0,2020-07-26
1755,3,COCHABAMBA,31403,SAN BENITO,31,82,77,1,4,2020-07-26
1756,3,COCHABAMBA,31404,TACACHI,31,1,0,1,0,2020-07-26
1757,3,COCHABAMBA,31501,BOLIVAR,31,6,4,0,2,2020-07-26
1758,3,COCHABAMBA,31601,TIRAQUE (CBBA),31,8,6,1,1,2020-07-26
1759,3,COCHABAMBA,31602,SHINAOTA,31,241,136,4,101,2020-07-26
1760,4,ORURO,40101,ORURO,31,2856,2253,155,448,2020-07-26
1761,4,ORURO,40102,CARACOLLO,31,12,1,10,1,2020-07-26
1762,4,ORURO,40104,SORACACHI,31,2,1,1,0,2020-07-26
1763,4,ORURO,40201,CHALLAPATA,31,79,73,3,3,2020-07-26
1764,4,ORURO,40202,SANTUARIO DE QUILLACAS,31,17,14,0,3,2020-07-26
1765,4,ORURO,40401,CURAHUARA DE CARANGAS,31,1,0,1,0,2020-07-26
1766,4,ORURO,40402,TURCO,31,3,3,0,0,2020-07-26
1767,4,ORURO,40501,HUACHACALLA,31,30,25,0,5,2020-07-26
1768,4,ORURO,40505,ESMERALDA,31,7,7,0,0,2020-07-26
1769,4,ORURO,40601,POOPO,31,7,6,1,0,2020-07-26
1770,4,ORURO,40603,ANTEQUERA,31,7,7,0,0,2020-07-26
1771,4,ORURO,40701,HUANUNI,31,472,364,25,83,2020-07-26
1772,4,ORURO,40702,MACHACAMARCA,31,8,4,1,3,2020-07-26
1773,4,ORURO,40801,SALINAS DE GARCI MENDOZA,31,8,8,0,0,2020-07-26
1774,4,ORURO,40901,SABAYA,31,6,3,1,2,2020-07-26
1775,4,ORURO,40902,COIPASA,31,1,1,0,0,2020-07-26
1776,4,ORURO,41001,TOLEDO,31,3,2,1,0,2020-07-26
1777,4,ORURO,41101,EUCALIPTUS,31,36,21,3,12,2020-07-26
1778,4,ORURO,41201,ANDAMARCA,31,1,1,0,0,2020-07-26
1779,4,ORURO,41301,TOTORA(ORR),31,5,5,0,0,2020-07-26
1780,4,ORURO,41401,SANTIAGO DE HUARI,31,8,4,4,0,2020-07-26
1781,4,ORURO,41601,HUAYLLAMARCA,31,4,1,2,1,2020-07-26
1782,5,POTOSI,50101,POTOSI,31,569,373,39,157,2020-07-26
1783,5,POTOSI,50102,TINGUIPAYA,31,7,7,0,0,2020-07-26
1784,5,POTOSI,50201,UNCIA,31,128,84,0,44,2020-07-26
1785,5,POTOSI,50202,CHAYANTA,31,19,14,0,5,2020-07-26
1786,5,POTOSI,50203,LLALLAGUA,31,472,430,12,30,2020-07-26
1787,5,POTOSI,50204,CHUQUIHUTA AYLLU JUCUMANI,31,8,7,1,0,2020-07-26
1788,5,POTOSI,50301,BETANZOS,31,40,22,2,16,2020-07-26
1789,5,POTOSI,50302,CHAQUI,31,1,1,0,0,2020-07-26
1790,5,POTOSI,50401,COLQUECHACA,31,9,8,0,1,2020-07-26
1791,5,POTOSI,50402,RAVELO,31,3,3,0,0,2020-07-26
1792,5,POTOSI,50403,POCOATA,31,14,7,2,5,2020-07-26
1793,5,POTOSI,50404,OCURI,31,22,21,1,0,2020-07-26
1794,5,POTOSI,50501,SAN PEDRO DE BUENA VISTA,31,1,1,0,0,2020-07-26
1795,5,POTOSI,50502,TORO TORO,31,7,7,0,0,2020-07-26
1796,5,POTOSI,50601,COTAGAITA,31,3,3,0,0,2020-07-26
1797,5,POTOSI,50602,VITICHI,31,3,3,0,0,2020-07-26
1798,5,POTOSI,50701,SACACA,31,2,0,2,0,2020-07-26
1799,5,POTOSI,50702,CARIPUYO,31,3,3,0,0,2020-07-26
1800,5,POTOSI,50801,TUPIZA,31,1,1,0,0,2020-07-26
1801,5,POTOSI,50802,ATOCHA,31,50,48,2,0,2020-07-26
1802,5,POTOSI,50901,"COLCHA ""K""",31,37,26,1,10,2020-07-26
1803,5,POTOSI,51101,PUNA,31,11,9,2,0,2020-07-26
1804,5,POTOSI,51102,"CAIZA ""D""",31,12,11,1,0,2020-07-26
1805,5,POTOSI,51201,UYUNI,31,44,32,8,4,2020-07-26
1806,5,POTOSI,51202,TOMAVE,31,5,5,0,0,2020-07-26
1807,5,POTOSI,51203,PORCO,31,2,2,0,0,2020-07-26
1808,5,POTOSI,51302,ACACIO,31,4,4,0,0,2020-07-26
1809,5,POTOSI,51402,TAHUA,31,1,1,0,0,2020-07-26
1810,5,POTOSI,51501,VILLAZON,31,41,34,2,5,2020-07-26
1811,5,POTOSI,51601,SAN AGUSTIN,31,1,1,0,0,2020-07-26
1812,6,TARIJA,60101,TARIJA,31,2586,2216,66,304,2020-07-26
1813,6,TARIJA,60201,PADCAYA,31,47,45,0,2,2020-07-26
1814,6,TARIJA,60202,BERMEJO,31,144,139,3,2,2020-07-26
1815,6,TARIJA,60301,YACUIBA,31,578,469,12,97,2020-07-26
1816,6,TARIJA,60302,CARAPARI,31,103,53,0,50,2020-07-26
1817,6,TARIJA,60303,VILLA MONTES,31,175,121,5,49,2020-07-26
1818,6,TARIJA,60401,URIONDO (A. CONCEPCION),31,120,116,1,3,2020-07-26
1819,6,TARIJA,60402,YUNCHARA,31,6,6,0,0,2020-07-26
1820,6,TARIJA,60501,SAN LORENZO(TJA),31,174,144,2,28,2020-07-26
1821,6,TARIJA,60502,EL PUENTE(TJA),31,35,24,2,9,2020-07-26
1822,6,TARIJA,60601,ENTRE RIOS TRJ,31,77,64,1,12,2020-07-26
1823,7,SANTA CRUZ,70101,SANTA CRUZ,31,23374,7467,874,15033,2020-07-26
1824,7,SANTA CRUZ,70102,COTOCA,31,670,590,14,66,2020-07-26
1825,7,SANTA CRUZ,70103,PORONGO,31,148,106,1,41,2020-07-26
1826,7,SANTA CRUZ,70104,LA GUARDIA,31,1080,152,7,921,2020-07-26
1827,7,SANTA CRUZ,70105,EL TORNO,31,712,498,31,183,2020-07-26
1828,7,SANTA CRUZ,70201,WARNES,31,716,539,10,167,2020-07-26
1829,7,SANTA CRUZ,70202,OKINAWA UNO,31,104,43,5,56,2020-07-26
1830,7,SANTA CRUZ,70301,SAN IGNACIO DE VELASCO,31,272,228,22,22,2020-07-26
1831,7,SANTA CRUZ,70401,BUENA VISTA,31,88,81,0,7,2020-07-26
1832,7,SANTA CRUZ,70402,SAN CARLOS,31,226,210,0,16,2020-07-26
1833,7,SANTA CRUZ,70403,YAPACANI,31,602,586,0,16,2020-07-26
1834,7,SANTA CRUZ,70404,SAN JUAN DE YAPACANI,31,153,153,0,0,2020-07-26
1835,7,SANTA CRUZ,70501,SAN JOSÉ DE CHIQUITOS,31,222,212,9,1,2020-07-26
1836,7,SANTA CRUZ,70502,PAILON,31,338,316,2,20,2020-07-26
1837,7,SANTA CRUZ,70503,ROBORÉ,31,171,165,1,5,2020-07-26
1838,7,SANTA CRUZ,70601,PORTACHUELO,31,258,247,4,7,2020-07-26
1839,7,SANTA CRUZ,70602,SANTA ROSA DEL SARA,31,170,162,0,8,2020-07-26
1840,7,SANTA CRUZ,70603,COLPA BÉLGICA,31,138,115,8,15,2020-07-26
1841,7,SANTA CRUZ,70701,LAGUNILLAS,31,4,4,0,0,2020-07-26
1842,7,SANTA CRUZ,70703,CABEZAS,31,44,40,1,3,2020-07-26
1843,7,SANTA CRUZ,70706,CAMIRI,31,153,137,3,13,2020-07-26
1844,7,SANTA CRUZ,70801,VALLE GRANDE,31,73,31,4,38,2020-07-26
1845,7,SANTA CRUZ,70802,TRIGAL,31,11,0,0,11,2020-07-26
1846,7,SANTA CRUZ,70803,MORO MORO,31,26,6,0,20,2020-07-26
1847,7,SANTA CRUZ,70901,SAMAIPATA,31,29,25,1,3,2020-07-26
1848,7,SANTA CRUZ,70902,PAMPA GRANDE,31,33,30,1,2,2020-07-26
1849,7,SANTA CRUZ,70903,MAIRANA,31,79,56,2,21,2020-07-26
1850,7,SANTA CRUZ,71001,MONTERO,31,2812,2085,81,646,2020-07-26
1851,7,SANTA CRUZ,71002,GRAL. SAAVEDRA,31,72,44,2,26,2020-07-26
1852,7,SANTA CRUZ,71003,MINEROS,31,135,86,5,44,2020-07-26
1853,7,SANTA CRUZ,71004,FERNÁNDEZ ALONSO,31,169,107,1,61,2020-07-26
1854,7,SANTA CRUZ,71005,SAN PEDRO,31,329,281,1,47,2020-07-26
1855,7,SANTA CRUZ,71101,CONCEPCIÓN,31,176,165,4,7,2020-07-26
1856,7,SANTA CRUZ,71102,SAN JAVIER,31,69,45,3,21,2020-07-26
1857,7,SANTA CRUZ,71104,SAN JULIÁN,31,198,174,8,16,2020-07-26
1858,7,SANTA CRUZ,71106,CUATRO CAÑADAS,31,142,111,7,24,2020-07-26
1859,7,SANTA CRUZ,71401,PUERTO SUAREZ,31,76,75,0,1,2020-07-26
1860,7,SANTA CRUZ,71402,PUERTO QUIJARRO,31,188,187,0,1,2020-07-26
1861,7,SANTA CRUZ,71105,SAN ANTONIO DE LOMERÍO,31,34,33,1,0,2020-07-26
1862,7,SANTA CRUZ,71503,EL PUENTE (SCZ),31,39,36,0,3,2020-07-26
1863,7,SANTA CRUZ,71301,COMARAPA,31,65,62,0,3,2020-07-26
1864,7,SANTA CRUZ,70702,CHARAGUA,31,10,9,1,0,2020-07-26
1865,7,SANTA CRUZ,70904,QUIRUSILLAS,31,6,6,0,0,2020-07-26
1866,7,SANTA CRUZ,71501,ASCENCIÓN DE GUARAYOS,31,65,55,0,10,2020-07-26
1867,7,SANTA CRUZ,71201,SAN MATIAS,31,38,25,0,13,2020-07-26
1868,7,SANTA CRUZ,71502,URUBICHA,31,32,18,0,14,2020-07-26
1869,7,SANTA CRUZ,70705,GUTIERREZ,31,2,1,1,0,2020-07-26
1870,7,SANTA CRUZ,71403,CARMEN RIVERO TORREZ,31,25,25,0,0,2020-07-26
1871,7,SANTA CRUZ,71302,SAIPINA,31,19,19,0,0,2020-07-26
1872,7,SANTA CRUZ,70302,SAN MIGUEL DE VELASCO,31,23,19,1,3,2020-07-26
1873,7,SANTA CRUZ,70303,SAN RAFAEL,31,27,27,0,0,2020-07-26
1874,7,SANTA CRUZ,71103,SAN RAMON,31,93,90,0,3,2020-07-26
1875,8,BENI,80101,TRINIDAD,31,3607,3194,194,219,2020-07-26
1876,8,BENI,80102,SAN JAVIER(BNI),31,14,14,0,0,2020-07-26
1877,8,BENI,80201,RIBERALTA,31,657,553,54,50,2020-07-26
1878,8,BENI,80202,GUAYARAMERIN,31,459,429,29,1,2020-07-26
1879,8,BENI,80301,REYES,31,1,1,0,0,2020-07-26
1880,8,BENI,80302,SAN BORJA,31,132,114,4,14,2020-07-26
1881,8,BENI,80303,SANTA ROSA,31,7,6,0,1,2020-07-26
1882,8,BENI,80304,RURRENABAQUE,31,28,16,2,10,2020-07-26
1883,8,BENI,80401,SANTA ANA,31,196,162,3,31,2020-07-26
1884,8,BENI,80402,EXALTACION,31,8,0,0,8,2020-07-26
1885,8,BENI,80501,SAN IGNACIO,31,79,68,1,10,2020-07-26
1886,8,BENI,80601,LORETO,31,52,51,1,0,2020-07-26
1887,8,BENI,80602,SAN ANDRES,31,96,96,0,0,2020-07-26
1888,8,BENI,80701,SAN JOAQUIN,31,133,3,5,125,2020-07-26
1889,8,BENI,80702,SAN RAMON BENI,31,83,47,2,34,2020-07-26
1890,9,PANDO,90101,COBIJA,31,1245,949,120,176,2020-07-26
1891,9,PANDO,90102,PORVENIR,31,37,36,1,0,2020-07-26
1892,9,PANDO,90103,BOLPEBRA,31,27,22,0,5,2020-07-26
1893,9,PANDO,90201,PUERTO RICO,31,8,7,1,0,2020-07-26
1894,9,PANDO,90202,SAN PEDRO(PND),31,10,10,0,0,2020-07-26
1895,9,PANDO,90203,FILADELFIA,31,20,4,1,15,2020-07-26
1896,9,PANDO,90301,PUERTO GONZALO MORENO,31,20,20,0,0,2020-07-26
1897,9,PANDO,90302,SAN LORENZO(PND),31,11,11,0,0,2020-07-26
1898,9,PANDO,90303,SENA,31,35,35,0,0,2020-07-26
1899,9,PANDO,90401,NACEBE (SANTA ROSA DEL ABUNA),31,10,9,1,0,2020-07-26
1900,9,PANDO,90502,VILLA NUEVA (LOMA ALTA),31,2,2,0,0,2020-07-26
1901,9,PANDO,90104,BELLA FLOR,31,3,3,0,0,2020-07-26
1902,1,CHUQUISACA,10101,SUCRE,32,2258,1611,218,429,2020-08-02
1903,1,CHUQUISACA,10102,YOTALA,32,32,4,1,27,2020-08-02
1904,1,CHUQUISACA,10103,POROMA,32,7,1,0,6,2020-08-02
1905,1,CHUQUISACA,10201,AZURDUY,32,7,0,0,7,2020-08-02
1906,1,CHUQUISACA,10202,TARVITA,32,7,0,0,7,2020-08-02
1907,1,CHUQUISACA,10301,ZUDAÑEZ,32,16,12,0,4,2020-08-02
1908,1,CHUQUISACA,10302,PRESTO,32,10,0,0,10,2020-08-02
1909,1,CHUQUISACA,10303,MOJOCOYA,32,7,4,0,3,2020-08-02
1910,1,CHUQUISACA,10304,ICLA,32,12,1,0,11,2020-08-02
1911,1,CHUQUISACA,10401,PADILLA,32,15,0,0,15,2020-08-02
1912,1,CHUQUISACA,10402,TOMINA,32,17,3,0,14,2020-08-02
1913,1,CHUQUISACA,10403,SOPACHUY,32,3,0,0,3,2020-08-02
1914,1,CHUQUISACA,10404,ALCALA,32,10,2,0,8,2020-08-02
1915,1,CHUQUISACA,10405,EL VILLAR,32,1,0,0,1,2020-08-02
1916,1,CHUQUISACA,10501,MONTEAGUDO,32,59,13,0,46,2020-08-02
1917,1,CHUQUISACA,10601,TARABUCO,32,10,1,0,9,2020-08-02
1918,1,CHUQUISACA,10602,YAMPARAEZ,32,17,0,0,17,2020-08-02
1919,1,CHUQUISACA,10701,CAMARGO,32,36,28,1,7,2020-08-02
1920,1,CHUQUISACA,10702,SAN LUCAS,32,34,21,3,10,2020-08-02
1921,1,CHUQUISACA,10703,INCAHUASI,32,14,0,0,14,2020-08-02
1922,1,CHUQUISACA,10704,VILLA CHARCAS,32,6,2,0,4,2020-08-02
1923,1,CHUQUISACA,10801,VILLA SERRANO,32,10,1,0,9,2020-08-02
1924,1,CHUQUISACA,10901,CAMATAQUI (C. VILLA ABECIA),32,4,1,0,3,2020-08-02
1925,1,CHUQUISACA,10902,CULPINA,32,25,3,2,20,2020-08-02
1926,1,CHUQUISACA,10903,LAS CARRERAS,32,8,5,0,3,2020-08-02
1927,1,CHUQUISACA,11001,VILLA VACA GUZMAN (MUYUPAMPA),32,32,16,0,16,2020-08-02
1928,1,CHUQUISACA,11003,MACHARETI,32,4,1,0,3,2020-08-02
1929,2,LA PAZ,20101,LA PAZ,32,14465,13472,189,804,2020-08-02
1930,2,LA PAZ,20103,MECAPACA,32,16,15,1,0,2020-08-02
1931,2,LA PAZ,20104,ACHOCALLA,32,35,29,0,6,2020-08-02
1932,2,LA PAZ,20105,EL ALTO,32,5652,5106,120,426,2020-08-02
1933,2,LA PAZ,20201,ACHACACHI,32,20,16,3,1,2020-08-02
1934,2,LA PAZ,20202,ANCORAIMES,32,2,1,0,1,2020-08-02
1935,2,LA PAZ,20203,CHUA COCANI,32,1,1,0,0,2020-08-02
1936,2,LA PAZ,20205,SANTIAGO DE HUATA,32,1,1,0,0,2020-08-02
1937,2,LA PAZ,20301,CORO CORO,32,10,9,0,1,2020-08-02
1938,2,LA PAZ,20305,CHARAÑA,32,2,2,0,0,2020-08-02
1939,2,LA PAZ,20306,WALDO BALLIVIAN,32,2,2,0,0,2020-08-02
1940,2,LA PAZ,20402,MOCOMOCO,32,2,2,0,0,2020-08-02
1941,2,LA PAZ,20403,PUERTO CARABUCO,32,1,1,0,0,2020-08-02
1942,2,LA PAZ,20404,HUMANATA,32,2,2,0,0,2020-08-02
1943,2,LA PAZ,20405,ESCOMA,32,4,3,1,0,2020-08-02
1944,2,LA PAZ,20501,CHUMA,32,2,2,0,0,2020-08-02
1945,2,LA PAZ,20502,AYATA,32,2,2,0,0,2020-08-02
1946,2,LA PAZ,20601,SORATA,32,4,4,0,0,2020-08-02
1947,2,LA PAZ,20602,GUANAY,32,3,2,0,1,2020-08-02
1948,2,LA PAZ,20603,TACACOMA,32,1,1,0,0,2020-08-02
1949,2,LA PAZ,20606,TIPUANI,32,1,1,0,0,2020-08-02
1950,2,LA PAZ,20607,MAPIRI,32,2,0,1,1,2020-08-02
1951,2,LA PAZ,20608,TEOPONTE,32,7,6,0,1,2020-08-02
1952,2,LA PAZ,20702,PELECHUCO,32,1,1,0,0,2020-08-02
1953,2,LA PAZ,20801,VIACHA,32,351,293,5,53,2020-08-02
1954,2,LA PAZ,20802,GUAQUI,32,1,1,0,0,2020-08-02
1955,2,LA PAZ,20803,TIAWANACU,32,3,3,0,0,2020-08-02
1956,2,LA PAZ,20902,SAPAHAQUI,32,5,5,0,0,2020-08-02
1957,2,LA PAZ,20903,YACO,32,2,2,0,0,2020-08-02
1958,2,LA PAZ,20904,MALLA,32,6,5,0,1,2020-08-02
1959,2,LA PAZ,20905,CAIROMA,32,16,5,0,11,2020-08-02
1960,2,LA PAZ,21001,INQUISIVI,32,1,1,0,0,2020-08-02
1961,2,LA PAZ,21002,QUIME,32,5,4,1,0,2020-08-02
1962,2,LA PAZ,21003,CAJUATA,32,2,0,1,1,2020-08-02
1963,2,LA PAZ,21004,COLQUIRI,32,63,44,7,12,2020-08-02
1964,2,LA PAZ,21005,ICHOCA,32,1,0,0,1,2020-08-02
1965,2,LA PAZ,21101,CHULUMANI (V. DE LA LIBERTAD),32,21,11,4,6,2020-08-02
1966,2,LA PAZ,21102,IRUPANA (VILLA DE LANZA),32,41,38,2,1,2020-08-02
1967,2,LA PAZ,21103,YANACACHI,32,9,8,0,1,2020-08-02
1968,2,LA PAZ,21104,PALOS BLANCOS,32,23,19,3,1,2020-08-02
1969,2,LA PAZ,21105,LA ASUNTA,32,4,3,1,0,2020-08-02
1970,2,LA PAZ,21201,PUCARANI,32,15,13,1,1,2020-08-02
1971,2,LA PAZ,21202,LAJA,32,31,27,3,1,2020-08-02
1972,2,LA PAZ,21203,BATALLAS,32,36,33,2,1,2020-08-02
1973,2,LA PAZ,21301,SICA SICA (VILLA AROMA),32,8,5,2,1,2020-08-02
1974,2,LA PAZ,21302,UMALA,32,16,5,2,9,2020-08-02
1975,2,LA PAZ,21304,CALAMARCA,32,3,3,0,0,2020-08-02
1976,2,LA PAZ,21305,PATACAMAYA,32,60,27,6,27,2020-08-02
1977,2,LA PAZ,21306,COLQUENCHA,32,2,2,0,0,2020-08-02
1978,2,LA PAZ,21307,COLLANA,32,1,1,0,0,2020-08-02
1979,2,LA PAZ,21401,COROICO,32,24,15,1,8,2020-08-02
1980,2,LA PAZ,21402,CORIPATA,32,31,18,4,9,2020-08-02
1981,2,LA PAZ,21502,SAN BUENA VENTURA,32,11,4,1,6,2020-08-02
1982,2,LA PAZ,21701,COPACABANA,32,6,4,0,2,2020-08-02
1983,2,LA PAZ,21702,SAN PEDRO DE TIQUINA,32,1,1,0,0,2020-08-02
1984,2,LA PAZ,21802,PAPEL PAMPA,32,1,1,0,0,2020-08-02
1985,2,LA PAZ,21901,SANTIAGO DE MACHACA,32,2,2,0,0,2020-08-02
1986,2,LA PAZ,22001,CARANAVI,32,62,50,3,9,2020-08-02
1987,2,LA PAZ,22002,ALTO BENI,32,3,2,1,0,2020-08-02
1988,3,COCHABAMBA,30101,COCHABAMBA,32,6134,4180,488,1466,2020-08-02
1989,3,COCHABAMBA,30201,AIQUILE,32,33,32,1,0,2020-08-02
1990,3,COCHABAMBA,30203,OMEREQUE,32,14,8,1,5,2020-08-02
1991,3,COCHABAMBA,30301,AYOPAYA (V. DE INDEPENDENCIA),32,3,3,0,0,2020-08-02
1992,3,COCHABAMBA,30302,MOROCHATA,32,1,1,0,0,2020-08-02
1993,3,COCHABAMBA,30303,COCAPATA,32,2,1,1,0,2020-08-02
1994,3,COCHABAMBA,30401,TARATA,32,23,11,6,6,2020-08-02
1995,3,COCHABAMBA,30402,ANZALDO,32,3,3,0,0,2020-08-02
1996,3,COCHABAMBA,30403,ARBIETO,32,15,10,2,3,2020-08-02
1997,3,COCHABAMBA,30501,ARANI,32,21,14,2,5,2020-08-02
1998,3,COCHABAMBA,30502,VACAS,32,6,4,0,2,2020-08-02
1999,3,COCHABAMBA,30601,ARQUE,32,3,1,2,0,2020-08-02
2000,3,COCHABAMBA,30701,CAPINOTA,32,68,57,4,7,2020-08-02
2001,3,COCHABAMBA,30702,SANTIVAÑES,32,28,2,1,25,2020-08-02
2002,3,COCHABAMBA,30703,SICAYA,32,8,4,0,4,2020-08-02
2003,3,COCHABAMBA,30801,CLIZA,32,26,17,4,5,2020-08-02
2004,3,COCHABAMBA,30802,TOCO,32,7,6,1,0,2020-08-02
2005,3,COCHABAMBA,30803,TOLATA,32,20,18,1,1,2020-08-02
2006,3,COCHABAMBA,30901,QUILLACOLLO,32,801,499,43,259,2020-08-02
2007,3,COCHABAMBA,30902,SIPE SIPE,32,185,85,7,93,2020-08-02
2008,3,COCHABAMBA,30903,TIQUIPAYA,32,195,134,8,53,2020-08-02
2009,3,COCHABAMBA,30904,VINTO,32,191,94,15,82,2020-08-02
2010,3,COCHABAMBA,30905,COLCAPIRHUA,32,162,112,16,34,2020-08-02
2011,3,COCHABAMBA,31001,SACABA,32,727,359,59,309,2020-08-02
2012,3,COCHABAMBA,31002,COLOMI,32,32,22,3,7,2020-08-02
2013,3,COCHABAMBA,31003,VILLA TUNARI,32,135,59,9,67,2020-08-02
2014,3,COCHABAMBA,31101,TAPACARI,32,15,12,2,1,2020-08-02
2015,3,COCHABAMBA,31201,TOTORA(CBBA),32,34,33,0,1,2020-08-02
2016,3,COCHABAMBA,31202,POJO (CBBA),32,12,10,0,2,2020-08-02
2017,3,COCHABAMBA,31203,POCONA,32,15,15,0,0,2020-08-02
2018,3,COCHABAMBA,31204,CHIMORE,32,150,26,11,113,2020-08-02
2019,3,COCHABAMBA,31205,PUERTO VILLARROEL,32,454,199,26,229,2020-08-02
2020,3,COCHABAMBA,31206,ENTRE RIOS CBBA,32,403,114,37,252,2020-08-02
2021,3,COCHABAMBA,31301,MIZQUE,32,44,30,2,12,2020-08-02
2022,3,COCHABAMBA,31302,VILA VILA,32,2,0,0,2,2020-08-02
2023,3,COCHABAMBA,31401,PUNATA,32,104,23,20,61,2020-08-02
2024,3,COCHABAMBA,31402,VILLA RIVERO,32,5,5,0,0,2020-08-02
2025,3,COCHABAMBA,31403,SAN BENITO,32,84,78,2,4,2020-08-02
2026,3,COCHABAMBA,31404,TACACHI,32,1,0,1,0,2020-08-02
2027,3,COCHABAMBA,31501,BOLIVAR,32,6,2,0,4,2020-08-02
2028,3,COCHABAMBA,31601,TIRAQUE (CBBA),32,9,6,2,1,2020-08-02
2029,3,COCHABAMBA,31602,SHINAOTA,32,254,141,4,109,2020-08-02
2030,4,ORURO,40101,ORURO,32,3342,2600,189,553,2020-08-02
2031,4,ORURO,40102,CARACOLLO,32,12,1,10,1,2020-08-02
2032,4,ORURO,40104,SORACACHI,32,2,1,1,0,2020-08-02
2033,4,ORURO,40201,CHALLAPATA,32,100,94,3,3,2020-08-02
2034,4,ORURO,40202,SANTUARIO DE QUILLACAS,32,22,14,0,8,2020-08-02
2035,4,ORURO,40401,CURAHUARA DE CARANGAS,32,1,0,0,1,2020-08-02
2036,4,ORURO,40402,TURCO,32,3,3,0,0,2020-08-02
2037,4,ORURO,40501,HUACHACALLA,32,30,22,0,8,2020-08-02
2038,4,ORURO,40505,ESMERALDA,32,7,7,0,0,2020-08-02
2039,4,ORURO,40601,POOPO,32,17,16,1,0,2020-08-02
2040,4,ORURO,40603,ANTEQUERA,32,10,7,0,3,2020-08-02
2041,4,ORURO,40701,HUANUNI,32,481,370,25,86,2020-08-02
2042,4,ORURO,40702,MACHACAMARCA,32,8,4,1,3,2020-08-02
2043,4,ORURO,40801,SALINAS DE GARCI MENDOZA,32,11,8,0,3,2020-08-02
2044,4,ORURO,40802,PAMPA AULLAGAS,32,1,1,0,0,2020-08-02
2045,4,ORURO,40901,SABAYA,32,6,3,1,2,2020-08-02
2046,4,ORURO,40902,COIPASA,32,2,1,0,1,2020-08-02
2047,4,ORURO,41001,TOLEDO,32,3,2,1,0,2020-08-02
2048,4,ORURO,41101,EUCALIPTUS,32,41,23,3,15,2020-08-02
2049,4,ORURO,41201,ANDAMARCA,32,1,1,0,0,2020-08-02
2050,4,ORURO,41301,TOTORA(ORR),32,5,5,0,0,2020-08-02
2051,4,ORURO,41401,SANTIAGO DE HUARI,32,8,4,4,0,2020-08-02
2052,4,ORURO,41601,HUAYLLAMARCA,32,4,1,2,1,2020-08-02
2053,5,POTOSI,50101,POTOSI,32,631,406,66,159,2020-08-02
2054,5,POTOSI,50102,TINGUIPAYA,32,7,7,0,0,2020-08-02
2055,5,POTOSI,50201,UNCIA,32,168,124,0,44,2020-08-02
2056,5,POTOSI,50202,CHAYANTA,32,20,9,0,11,2020-08-02
2057,5,POTOSI,50203,LLALLAGUA,32,573,470,12,91,2020-08-02
2058,5,POTOSI,50204,CHUQUIHUTA AYLLU JUCUMANI,32,10,9,1,0,2020-08-02
2059,5,POTOSI,50301,BETANZOS,32,49,31,2,16,2020-08-02
2060,5,POTOSI,50302,CHAQUI,32,1,1,0,0,2020-08-02
2061,5,POTOSI,50401,COLQUECHACA,32,9,2,0,7,2020-08-02
2062,5,POTOSI,50402,RAVELO,32,21,20,0,1,2020-08-02
2063,5,POTOSI,50403,POCOATA,32,19,8,2,9,2020-08-02
2064,5,POTOSI,50404,OCURI,32,31,20,1,10,2020-08-02
2065,5,POTOSI,50501,SAN PEDRO DE BUENA VISTA,32,5,5,0,0,2020-08-02
2066,5,POTOSI,50502,TORO TORO,32,20,20,0,0,2020-08-02
2067,5,POTOSI,50601,COTAGAITA,32,3,3,0,0,2020-08-02
2068,5,POTOSI,50602,VITICHI,32,3,3,0,0,2020-08-02
2069,5,POTOSI,50701,SACACA,32,2,0,2,0,2020-08-02
2070,5,POTOSI,50702,CARIPUYO,32,3,3,0,0,2020-08-02
2071,5,POTOSI,50801,TUPIZA,32,7,6,1,0,2020-08-02
2072,5,POTOSI,50802,ATOCHA,32,64,49,2,13,2020-08-02
2073,5,POTOSI,50901,"COLCHA ""K""",32,49,32,1,16,2020-08-02
2074,5,POTOSI,51101,PUNA,32,11,9,2,0,2020-08-02
2075,5,POTOSI,51102,"CAIZA ""D""",32,12,11,1,0,2020-08-02
2076,5,POTOSI,51201,UYUNI,32,46,33,8,5,2020-08-02
2077,5,POTOSI,51202,TOMAVE,32,5,5,0,0,2020-08-02
2078,5,POTOSI,51203,PORCO,32,2,2,0,0,2020-08-02
2079,5,POTOSI,51302,ACACIO,32,4,4,0,0,2020-08-02
2080,5,POTOSI,51402,TAHUA,32,3,3,0,0,2020-08-02
2081,5,POTOSI,51501,VILLAZON,32,41,34,2,5,2020-08-02
2082,5,POTOSI,51601,SAN AGUSTIN,32,1,1,0,0,2020-08-02
2083,6,TARIJA,60101,TARIJA,32,2959,2511,83,365,2020-08-02
2084,6,TARIJA,60201,PADCAYA,32,49,35,0,14,2020-08-02
2085,6,TARIJA,60202,BERMEJO,32,154,138,3,13,2020-08-02
2086,6,TARIJA,60301,YACUIBA,32,723,600,16,107,2020-08-02
2087,6,TARIJA,60302,CARAPARI,32,125,64,1,60,2020-08-02
2088,6,TARIJA,60303,VILLA MONTES,32,185,69,6,110,2020-08-02
2089,6,TARIJA,60401,URIONDO (A. CONCEPCION),32,123,99,1,23,2020-08-02
2090,6,TARIJA,60402,YUNCHARA,32,7,7,0,0,2020-08-02
2091,6,TARIJA,60501,SAN LORENZO(TJA),32,189,135,2,52,2020-08-02
2092,6,TARIJA,60502,EL PUENTE(TJA),32,36,14,2,20,2020-08-02
2093,6,TARIJA,60601,ENTRE RIOS TRJ,32,79,61,2,16,2020-08-02
2094,7,SANTA CRUZ,70101,SANTA CRUZ,32,24260,5350,1059,17851,2020-08-02
2095,7,SANTA CRUZ,70102,COTOCA,32,908,805,14,89,2020-08-02
2096,7,SANTA CRUZ,70103,PORONGO,32,179,130,1,48,2020-08-02
2097,7,SANTA CRUZ,70104,LA GUARDIA,32,1211,259,7,945,2020-08-02
2098,7,SANTA CRUZ,70105,EL TORNO,32,860,604,31,225,2020-08-02
2099,7,SANTA CRUZ,70201,WARNES,32,776,491,10,275,2020-08-02
2100,7,SANTA CRUZ,70202,OKINAWA UNO,32,118,47,5,66,2020-08-02
2101,7,SANTA CRUZ,70301,SAN IGNACIO DE VELASCO,32,301,257,22,22,2020-08-02
2102,7,SANTA CRUZ,70401,BUENA VISTA,32,103,96,0,7,2020-08-02
2103,7,SANTA CRUZ,70402,SAN CARLOS,32,269,253,0,16,2020-08-02
2104,7,SANTA CRUZ,70403,YAPACANI,32,702,686,0,16,2020-08-02
2105,7,SANTA CRUZ,70404,SAN JUAN DE YAPACANI,32,153,153,0,0,2020-08-02
2106,7,SANTA CRUZ,70501,SAN JOSÉ DE CHIQUITOS,32,230,213,16,1,2020-08-02
2107,7,SANTA CRUZ,70502,PAILON,32,371,345,6,20,2020-08-02
2108,7,SANTA CRUZ,70503,ROBORÉ,32,239,233,1,5,2020-08-02
2109,7,SANTA CRUZ,70601,PORTACHUELO,32,260,249,4,7,2020-08-02
2110,7,SANTA CRUZ,70602,SANTA ROSA DEL SARA,32,170,162,0,8,2020-08-02
2111,7,SANTA CRUZ,70603,COLPA BÉLGICA,32,140,117,8,15,2020-08-02
2112,7,SANTA CRUZ,70701,LAGUNILLAS,32,4,4,0,0,2020-08-02
2113,7,SANTA CRUZ,70703,CABEZAS,32,48,44,1,3,2020-08-02
2114,7,SANTA CRUZ,70706,CAMIRI,32,208,192,3,13,2020-08-02
2115,7,SANTA CRUZ,70801,VALLE GRANDE,32,76,28,4,44,2020-08-02
2116,7,SANTA CRUZ,70802,TRIGAL,32,11,0,0,11,2020-08-02
2117,7,SANTA CRUZ,70803,MORO MORO,32,28,8,0,20,2020-08-02
2118,7,SANTA CRUZ,70901,SAMAIPATA,32,33,29,1,3,2020-08-02
2119,7,SANTA CRUZ,70902,PAMPA GRANDE,32,43,40,1,2,2020-08-02
2120,7,SANTA CRUZ,70903,MAIRANA,32,89,56,2,31,2020-08-02
2121,7,SANTA CRUZ,71001,MONTERO,32,2872,2067,81,724,2020-08-02
2122,7,SANTA CRUZ,71002,GRAL. SAAVEDRA,32,72,44,2,26,2020-08-02
2123,7,SANTA CRUZ,71003,MINEROS,32,135,64,5,66,2020-08-02
2124,7,SANTA CRUZ,71004,FERNÁNDEZ ALONSO,32,187,125,1,61,2020-08-02
2125,7,SANTA CRUZ,71005,SAN PEDRO,32,353,302,1,50,2020-08-02
2126,7,SANTA CRUZ,71101,CONCEPCIÓN,32,220,209,4,7,2020-08-02
2127,7,SANTA CRUZ,71102,SAN JAVIER,32,81,57,3,21,2020-08-02
2128,7,SANTA CRUZ,71104,SAN JULIÁN,32,220,196,8,16,2020-08-02
2129,7,SANTA CRUZ,71106,CUATRO CAÑADAS,32,146,115,7,24,2020-08-02
2130,7,SANTA CRUZ,71401,PUERTO SUAREZ,32,77,76,0,1,2020-08-02
2131,7,SANTA CRUZ,71402,PUERTO QUIJARRO,32,225,224,0,1,2020-08-02
2132,7,SANTA CRUZ,71105,SAN ANTONIO DE LOMERÍO,32,36,35,1,0,2020-08-02
2133,7,SANTA CRUZ,71503,EL PUENTE (SCZ),32,41,38,0,3,2020-08-02
2134,7,SANTA CRUZ,71301,COMARAPA,32,65,55,0,10,2020-08-02
2135,7,SANTA CRUZ,70702,CHARAGUA,32,10,9,1,0,2020-08-02
2136,7,SANTA CRUZ,70904,QUIRUSILLAS,32,11,11,0,0,2020-08-02
2137,7,SANTA CRUZ,71501,ASCENCIÓN DE GUARAYOS,32,76,51,0,25,2020-08-02
2138,7,SANTA CRUZ,71201,SAN MATIAS,32,38,25,0,13,2020-08-02
2139,7,SANTA CRUZ,71502,URUBICHA,32,32,18,0,14,2020-08-02
2140,7,SANTA CRUZ,70707,BOYUIBE,32,6,6,0,0,2020-08-02
2141,7,SANTA CRUZ,70705,GUTIERREZ,32,5,4,1,0,2020-08-02
2142,7,SANTA CRUZ,71403,CARMEN RIVERO TORREZ,32,25,25,0,0,2020-08-02
2143,7,SANTA CRUZ,71302,SAIPINA,32,19,17,0,2,2020-08-02
2144,7,SANTA CRUZ,70302,SAN MIGUEL DE VELASCO,32,23,19,1,3,2020-08-02
2145,7,SANTA CRUZ,70303,SAN RAFAEL,32,30,30,0,0,2020-08-02
2146,7,SANTA CRUZ,71103,SAN RAMON,32,129,126,0,3,2020-08-02
2147,8,BENI,80101,TRINIDAD,32,3737,3278,198,261,2020-08-02
2148,8,BENI,80102,SAN JAVIER(BNI),32,13,13,0,0,2020-08-02
2149,8,BENI,80201,RIBERALTA,32,668,561,58,49,2020-08-02
2150,8,BENI,80202,GUAYARAMERIN,32,463,424,29,10,2020-08-02
2151,8,BENI,80301,REYES,32,10,9,1,0,2020-08-02
2152,8,BENI,80302,SAN BORJA,32,148,129,4,15,2020-08-02
2153,8,BENI,80303,SANTA ROSA,32,12,10,0,2,2020-08-02
2154,8,BENI,80304,RURRENABAQUE,32,28,17,2,9,2020-08-02
2155,8,BENI,80401,SANTA ANA,32,218,104,5,109,2020-08-02
2156,8,BENI,80402,EXALTACION,32,8,0,0,8,2020-08-02
2157,8,BENI,80501,SAN IGNACIO,32,89,58,1,30,2020-08-02
2158,8,BENI,80601,LORETO,32,52,51,1,0,2020-08-02
2159,8,BENI,80602,SAN ANDRES,32,98,98,0,0,2020-08-02
2160,8,BENI,80701,SAN JOAQUIN,32,135,5,5,125,2020-08-02
2161,8,BENI,80702,SAN RAMON BENI,32,96,47,3,46,2020-08-02
2162,8,BENI,80703,PUERTO SILES,32,2,2,0,0,2020-08-02
2163,9,PANDO,90101,COBIJA,32,1333,982,133,218,2020-08-02
2164,9,PANDO,90102,PORVENIR,32,37,36,1,0,2020-08-02
2165,9,PANDO,90103,BOLPEBRA,32,27,22,0,5,2020-08-02
2166,9,PANDO,90201,PUERTO RICO,32,45,44,1,0,2020-08-02
2167,9,PANDO,90202,SAN PEDRO(PND),32,10,10,0,0,2020-08-02
2168,9,PANDO,90203,FILADELFIA,32,21,5,1,15,2020-08-02
2169,9,PANDO,90301,PUERTO GONZALO MORENO,32,20,20,0,0,2020-08-02
2170,9,PANDO,90302,SAN LORENZO(PND),32,15,15,0,0,2020-08-02
2171,9,PANDO,90303,SENA,32,44,44,0,0,2020-08-02
2172,9,PANDO,90401,NACEBE (SANTA ROSA DEL ABUNA),32,10,9,1,0,2020-08-02
2173,9,PANDO,90502,VILLA NUEVA (LOMA ALTA),32,6,6,0,0,2020-08-02
2174,9,PANDO,90104,BELLA FLOR,32,19,19,0,0,2020-08-02
2175,1,CHUQUISACA,10101,SUCRE,33,3114,2169,282,663,2020-08-09
2176,1,CHUQUISACA,10102,YOTALA,33,43,15,1,27,2020-08-09
2177,1,CHUQUISACA,10103,POROMA,33,7,1,0,6,2020-08-09
2178,1,CHUQUISACA,10201,AZURDUY,33,7,0,0,7,2020-08-09
2179,1,CHUQUISACA,10202,TARVITA,33,9,2,0,7,2020-08-09
2180,1,CHUQUISACA,10301,ZUDAÑEZ,33,19,12,0,7,2020-08-09
2181,1,CHUQUISACA,10302,PRESTO,33,10,0,0,10,2020-08-09
2182,1,CHUQUISACA,10303,MOJOCOYA,33,12,8,1,3,2020-08-09
2183,1,CHUQUISACA,10304,ICLA,33,12,1,0,11,2020-08-09
2184,1,CHUQUISACA,10401,PADILLA,33,16,1,0,15,2020-08-09
2185,1,CHUQUISACA,10402,TOMINA,33,18,4,0,14,2020-08-09
2186,1,CHUQUISACA,10403,SOPACHUY,33,3,0,0,3,2020-08-09
2187,1,CHUQUISACA,10404,ALCALA,33,10,2,0,8,2020-08-09
2188,1,CHUQUISACA,10405,EL VILLAR,33,2,1,0,1,2020-08-09
2189,1,CHUQUISACA,10501,MONTEAGUDO,33,71,20,0,51,2020-08-09
2190,1,CHUQUISACA,10601,TARABUCO,33,17,7,1,9,2020-08-09
2191,1,CHUQUISACA,10602,YAMPARAEZ,33,22,5,0,17,2020-08-09
2192,1,CHUQUISACA,10701,CAMARGO,33,46,31,1,14,2020-08-09
2193,1,CHUQUISACA,10702,SAN LUCAS,33,64,48,6,10,2020-08-09
2194,1,CHUQUISACA,10703,INCAHUASI,33,15,1,0,14,2020-08-09
2195,1,CHUQUISACA,10704,VILLA CHARCAS,33,18,14,0,4,2020-08-09
2196,1,CHUQUISACA,10801,VILLA SERRANO,33,10,0,0,10,2020-08-09
2197,1,CHUQUISACA,10901,CAMATAQUI (C. VILLA ABECIA),33,4,1,0,3,2020-08-09
2198,1,CHUQUISACA,10902,CULPINA,33,28,5,2,21,2020-08-09
2199,1,CHUQUISACA,10903,LAS CARRERAS,33,8,5,0,3,2020-08-09
2200,1,CHUQUISACA,11001,VILLA VACA GUZMAN (MUYUPAMPA),33,34,9,0,25,2020-08-09
2201,1,CHUQUISACA,11003,MACHARETI,33,4,1,0,3,2020-08-09
2202,2,LA PAZ,20101,LA PAZ,33,17085,15786,253,1046,2020-08-09
2203,2,LA PAZ,20103,MECAPACA,33,17,16,1,0,2020-08-09
2204,2,LA PAZ,20104,ACHOCALLA,33,38,31,0,7,2020-08-09
2205,2,LA PAZ,20105,EL ALTO,33,6860,6157,142,561,2020-08-09
2206,2,LA PAZ,20201,ACHACACHI,33,23,19,3,1,2020-08-09
2207,2,LA PAZ,20202,ANCORAIMES,33,3,2,0,1,2020-08-09
2208,2,LA PAZ,20203,CHUA COCANI,33,1,1,0,0,2020-08-09
2209,2,LA PAZ,20205,SANTIAGO DE HUATA,33,1,1,0,0,2020-08-09
2210,2,LA PAZ,20206,HUATAJATA,33,2,2,0,0,2020-08-09
2211,2,LA PAZ,20301,CORO CORO,33,16,15,0,1,2020-08-09
2212,2,LA PAZ,20304,COMANCHE,33,2,2,0,0,2020-08-09
2213,2,LA PAZ,20305,CHARAÑA,33,2,2,0,0,2020-08-09
2214,2,LA PAZ,20306,WALDO BALLIVIAN,33,2,2,0,0,2020-08-09
2215,2,LA PAZ,20402,MOCOMOCO,33,2,2,0,0,2020-08-09
2216,2,LA PAZ,20403,PUERTO CARABUCO,33,1,1,0,0,2020-08-09
2217,2,LA PAZ,20405,ESCOMA,33,4,3,1,0,2020-08-09
2218,2,LA PAZ,20501,CHUMA,33,2,2,0,0,2020-08-09
2219,2,LA PAZ,20502,AYATA,33,2,2,0,0,2020-08-09
2220,2,LA PAZ,20601,SORATA,33,9,9,0,0,2020-08-09
2221,2,LA PAZ,20602,GUANAY,33,3,2,0,1,2020-08-09
2222,2,LA PAZ,20603,TACACOMA,33,1,1,0,0,2020-08-09
2223,2,LA PAZ,20606,TIPUANI,33,1,1,0,0,2020-08-09
2224,2,LA PAZ,20607,MAPIRI,33,2,0,1,1,2020-08-09
2225,2,LA PAZ,20608,TEOPONTE,33,7,6,0,1,2020-08-09
2226,2,LA PAZ,20701,APOLO,33,2,2,0,0,2020-08-09
2227,2,LA PAZ,20702,PELECHUCO,33,1,1,0,0,2020-08-09
2228,2,LA PAZ,20801,VIACHA,33,476,402,5,69,2020-08-09
2229,2,LA PAZ,20802,GUAQUI,33,1,1,0,0,2020-08-09
2230,2,LA PAZ,20803,TIAWANACU,33,5,5,0,0,2020-08-09
2231,2,LA PAZ,20902,SAPAHAQUI,33,5,5,0,0,2020-08-09
2232,2,LA PAZ,20903,YACO,33,2,2,0,0,2020-08-09
2233,2,LA PAZ,20904,MALLA,33,6,5,0,1,2020-08-09
2234,2,LA PAZ,20905,CAIROMA,33,16,5,0,11,2020-08-09
2235,2,LA PAZ,21001,INQUISIVI,33,7,7,0,0,2020-08-09
2236,2,LA PAZ,21002,QUIME,33,7,6,1,0,2020-08-09
2237,2,LA PAZ,21003,CAJUATA,33,2,0,1,1,2020-08-09
2238,2,LA PAZ,21004,COLQUIRI,33,65,9,7,49,2020-08-09
2239,2,LA PAZ,21005,ICHOCA,33,1,0,0,1,2020-08-09
2240,2,LA PAZ,21101,CHULUMANI (V. DE LA LIBERTAD),33,21,11,4,6,2020-08-09
2241,2,LA PAZ,21102,IRUPANA (VILLA DE LANZA),33,41,38,2,1,2020-08-09
2242,2,LA PAZ,21103,YANACACHI,33,9,8,0,1,2020-08-09
2243,2,LA PAZ,21104,PALOS BLANCOS,33,27,23,3,1,2020-08-09
2244,2,LA PAZ,21105,LA ASUNTA,33,4,3,1,0,2020-08-09
2245,2,LA PAZ,21201,PUCARANI,33,17,15,1,1,2020-08-09
2246,2,LA PAZ,21202,LAJA,33,35,31,3,1,2020-08-09
2247,2,LA PAZ,21203,BATALLAS,33,42,39,2,1,2020-08-09
2248,2,LA PAZ,21301,SICA SICA (VILLA AROMA),33,11,7,3,1,2020-08-09
2249,2,LA PAZ,21302,UMALA,33,16,4,3,9,2020-08-09
2250,2,LA PAZ,21304,CALAMARCA,33,3,3,0,0,2020-08-09
2251,2,LA PAZ,21305,PATACAMAYA,33,61,22,6,33,2020-08-09
2252,2,LA PAZ,21306,COLQUENCHA,33,5,5,0,0,2020-08-09
2253,2,LA PAZ,21307,COLLANA,33,1,1,0,0,2020-08-09
2254,2,LA PAZ,21401,COROICO,33,24,15,1,8,2020-08-09
2255,2,LA PAZ,21402,CORIPATA,33,31,17,4,10,2020-08-09
2256,2,LA PAZ,21502,SAN BUENA VENTURA,33,11,4,1,6,2020-08-09
2257,2,LA PAZ,21701,COPACABANA,33,7,4,0,3,2020-08-09
2258,2,LA PAZ,21702,SAN PEDRO DE TIQUINA,33,6,6,0,0,2020-08-09
2259,2,LA PAZ,21802,PAPEL PAMPA,33,1,1,0,0,2020-08-09
2260,2,LA PAZ,21901,SANTIAGO DE MACHACA,33,2,2,0,0,2020-08-09
2261,2,LA PAZ,22001,CARANAVI,33,62,47,3,12,2020-08-09
2262,2,LA PAZ,22002,ALTO BENI,33,3,2,1,0,2020-08-09
2263,3,COCHABAMBA,30101,COCHABAMBA,33,6692,3611,501,2580,2020-08-09
2264,3,COCHABAMBA,30201,AIQUILE,33,34,1,5,28,2020-08-09
2265,3,COCHABAMBA,30203,OMEREQUE,33,14,4,1,9,2020-08-09
2266,3,COCHABAMBA,30301,AYOPAYA (V. DE INDEPENDENCIA),33,3,3,0,0,2020-08-09
2267,3,COCHABAMBA,30302,MOROCHATA,33,1,1,0,0,2020-08-09
2268,3,COCHABAMBA,30303,COCAPATA,33,2,1,1,0,2020-08-09
2269,3,COCHABAMBA,30401,TARATA,33,24,7,6,11,2020-08-09
2270,3,COCHABAMBA,30402,ANZALDO,33,13,13,0,0,2020-08-09
2271,3,COCHABAMBA,30403,ARBIETO,33,15,4,3,8,2020-08-09
2272,3,COCHABAMBA,30501,ARANI,33,25,18,2,5,2020-08-09
2273,3,COCHABAMBA,30502,VACAS,33,6,3,0,3,2020-08-09
2274,3,COCHABAMBA,30601,ARQUE,33,3,0,2,1,2020-08-09
2275,3,COCHABAMBA,30701,CAPINOTA,33,89,71,5,13,2020-08-09
2276,3,COCHABAMBA,30702,SANTIVAÑES,33,28,2,1,25,2020-08-09
2277,3,COCHABAMBA,30703,SICAYA,33,8,3,0,5,2020-08-09
2278,3,COCHABAMBA,30801,CLIZA,33,28,17,4,7,2020-08-09
2279,3,COCHABAMBA,30802,TOCO,33,7,5,2,0,2020-08-09
2280,3,COCHABAMBA,30803,TOLATA,33,21,18,1,2,2020-08-09
2281,3,COCHABAMBA,30901,QUILLACOLLO,33,921,565,48,308,2020-08-09
2282,3,COCHABAMBA,30902,SIPE SIPE,33,203,87,8,108,2020-08-09
2283,3,COCHABAMBA,30903,TIQUIPAYA,33,208,122,11,75,2020-08-09
2284,3,COCHABAMBA,30904,VINTO,33,221,90,19,112,2020-08-09
2285,3,COCHABAMBA,30905,COLCAPIRHUA,33,169,106,18,45,2020-08-09
2286,3,COCHABAMBA,31001,SACABA,33,776,360,60,356,2020-08-09
2287,3,COCHABAMBA,31002,COLOMI,33,33,21,3,9,2020-08-09
2288,3,COCHABAMBA,31003,VILLA TUNARI,33,135,27,9,99,2020-08-09
2289,3,COCHABAMBA,31101,TAPACARI,33,17,11,2,4,2020-08-09
2290,3,COCHABAMBA,31201,TOTORA(CBBA),33,35,17,1,17,2020-08-09
2291,3,COCHABAMBA,31202,POJO (CBBA),33,12,10,0,2,2020-08-09
2292,3,COCHABAMBA,31203,POCONA,33,15,14,0,1,2020-08-09
2293,3,COCHABAMBA,31204,CHIMORE,33,152,16,11,125,2020-08-09
2294,3,COCHABAMBA,31205,PUERTO VILLARROEL,33,467,174,28,265,2020-08-09
2295,3,COCHABAMBA,31206,ENTRE RIOS CBBA,33,430,105,37,288,2020-08-09
2296,3,COCHABAMBA,31301,MIZQUE,33,64,45,3,16,2020-08-09
2297,3,COCHABAMBA,31302,VILA VILA,33,2,0,0,2,2020-08-09
2298,3,COCHABAMBA,31401,PUNATA,33,110,21,21,68,2020-08-09
2299,3,COCHABAMBA,31402,VILLA RIVERO,33,7,7,0,0,2020-08-09
2300,3,COCHABAMBA,31403,SAN BENITO,33,85,75,2,8,2020-08-09
2301,3,COCHABAMBA,31404,TACACHI,33,1,0,1,0,2020-08-09
2302,3,COCHABAMBA,31501,BOLIVAR,33,6,0,0,6,2020-08-09
2303,3,COCHABAMBA,31601,TIRAQUE (CBBA),33,9,6,2,1,2020-08-09
2304,3,COCHABAMBA,31602,SHINAOTA,33,255,129,4,122,2020-08-09
2305,4,ORURO,40101,ORURO,33,3474,2617,193,664,2020-08-09
2306,4,ORURO,40102,CARACOLLO,33,16,5,10,1,2020-08-09
2307,4,ORURO,40104,SORACACHI,33,2,1,1,0,2020-08-09
2308,4,ORURO,40201,CHALLAPATA,33,103,97,3,3,2020-08-09
2309,4,ORURO,40202,SANTUARIO DE QUILLACAS,33,17,9,0,8,2020-08-09
2310,4,ORURO,40401,CURAHUARA DE CARANGAS,33,1,0,0,1,2020-08-09
2311,4,ORURO,40402,TURCO,33,3,3,0,0,2020-08-09
2312,4,ORURO,40501,HUACHACALLA,33,30,11,0,19,2020-08-09
2313,4,ORURO,40505,ESMERALDA,33,7,7,0,0,2020-08-09
2314,4,ORURO,40601,POOPO,33,18,17,1,0,2020-08-09
2315,4,ORURO,40603,ANTEQUERA,33,7,4,0,3,2020-08-09
2316,4,ORURO,40701,HUANUNI,33,481,367,25,89,2020-08-09
2317,4,ORURO,40702,MACHACAMARCA,33,9,5,1,3,2020-08-09
2318,4,ORURO,40801,SALINAS DE GARCI MENDOZA,33,9,6,0,3,2020-08-09
2319,4,ORURO,40802,PAMPA AULLAGAS,33,1,1,0,0,2020-08-09
2320,4,ORURO,40901,SABAYA,33,6,3,1,2,2020-08-09
2321,4,ORURO,40902,COIPASA,33,1,0,0,1,2020-08-09
2322,4,ORURO,41001,TOLEDO,33,4,2,2,0,2020-08-09
2323,4,ORURO,41101,EUCALIPTUS,33,41,22,4,15,2020-08-09
2324,4,ORURO,41201,ANDAMARCA,33,1,1,0,0,2020-08-09
2325,4,ORURO,41301,TOTORA(ORR),33,5,5,0,0,2020-08-09
2326,4,ORURO,41401,SANTIAGO DE HUARI,33,13,9,4,0,2020-08-09
2327,4,ORURO,41601,HUAYLLAMARCA,33,6,3,2,1,2020-08-09
2328,5,POTOSI,50101,POTOSI,33,1482,1225,95,162,2020-08-09
2329,5,POTOSI,50102,TINGUIPAYA,33,7,7,0,0,2020-08-09
2330,5,POTOSI,50201,UNCIA,33,203,141,0,62,2020-08-09
2331,5,POTOSI,50202,CHAYANTA,33,26,12,0,14,2020-08-09
2332,5,POTOSI,50203,LLALLAGUA,33,673,570,12,91,2020-08-09
2333,5,POTOSI,50204,CHUQUIHUTA AYLLU JUCUMANI,33,10,9,1,0,2020-08-09
2334,5,POTOSI,50301,BETANZOS,33,58,40,2,16,2020-08-09
2335,5,POTOSI,50302,CHAQUI,33,1,1,0,0,2020-08-09
2336,5,POTOSI,50401,COLQUECHACA,33,15,8,0,7,2020-08-09
2337,5,POTOSI,50402,RAVELO,33,25,22,0,3,2020-08-09
2338,5,POTOSI,50403,POCOATA,33,24,8,4,12,2020-08-09
2339,5,POTOSI,50404,OCURI,33,36,24,1,11,2020-08-09
2340,5,POTOSI,50501,SAN PEDRO DE BUENA VISTA,33,9,8,1,0,2020-08-09
2341,5,POTOSI,50502,TORO TORO,33,28,27,1,0,2020-08-09
2342,5,POTOSI,50601,COTAGAITA,33,4,4,0,0,2020-08-09
2343,5,POTOSI,50602,VITICHI,33,5,2,0,3,2020-08-09
2344,5,POTOSI,50701,SACACA,33,3,1,2,0,2020-08-09
2345,5,POTOSI,50702,CARIPUYO,33,3,3,0,0,2020-08-09
2346,5,POTOSI,50801,TUPIZA,33,26,25,1,0,2020-08-09
2347,5,POTOSI,50802,ATOCHA,33,81,64,2,15,2020-08-09
2348,5,POTOSI,50901,"COLCHA ""K""",33,68,39,2,27,2020-08-09
2349,5,POTOSI,51101,PUNA,33,40,29,2,9,2020-08-09
2350,5,POTOSI,51102,"CAIZA ""D""",33,39,30,1,8,2020-08-09
2351,5,POTOSI,51103,CKOCHAS,33,1,1,0,0,2020-08-09
2352,5,POTOSI,51201,UYUNI,33,56,40,8,8,2020-08-09
2353,5,POTOSI,51202,TOMAVE,33,5,5,0,0,2020-08-09
2354,5,POTOSI,51203,PORCO,33,2,2,0,0,2020-08-09
2355,5,POTOSI,51302,ACACIO,33,4,4,0,0,2020-08-09
2356,5,POTOSI,51402,TAHUA,33,6,6,0,0,2020-08-09
2357,5,POTOSI,51501,VILLAZON,33,96,65,7,24,2020-08-09
2358,5,POTOSI,51601,SAN AGUSTIN,33,1,1,0,0,2020-08-09
2359,6,TARIJA,60101,TARIJA,33,3573,2961,95,517,2020-08-09
2360,6,TARIJA,60201,PADCAYA,33,56,24,0,32,2020-08-09
2361,6,TARIJA,60202,BERMEJO,33,179,128,3,48,2020-08-09
2362,6,TARIJA,60301,YACUIBA,33,900,761,21,118,2020-08-09
2363,6,TARIJA,60302,CARAPARI,33,134,31,1,102,2020-08-09
2364,6,TARIJA,60303,VILLA MONTES,33,230,89,7,134,2020-08-09
2365,6,TARIJA,60401,URIONDO (A. CONCEPCION),33,126,86,1,39,2020-08-09
2366,6,TARIJA,60402,YUNCHARA,33,7,7,0,0,2020-08-09
2367,6,TARIJA,60501,SAN LORENZO(TJA),33,262,173,2,87,2020-08-09
2368,6,TARIJA,60502,EL PUENTE(TJA),33,48,23,2,23,2020-08-09
2369,6,TARIJA,60601,ENTRE RIOS TRJ,33,80,59,2,19,2020-08-09
2370,7,SANTA CRUZ,70101,SANTA CRUZ,33,25144,2496,1195,21453,2020-08-09
2371,7,SANTA CRUZ,70102,COTOCA,33,974,862,14,98,2020-08-09
2372,7,SANTA CRUZ,70103,PORONGO,33,183,116,1,66,2020-08-09
2373,7,SANTA CRUZ,70104,LA GUARDIA,33,1281,282,7,992,2020-08-09
2374,7,SANTA CRUZ,70105,EL TORNO,33,925,647,31,247,2020-08-09
2375,7,SANTA CRUZ,70201,WARNES,33,793,488,10,295,2020-08-09
2376,7,SANTA CRUZ,70202,OKINAWA UNO,33,120,49,5,66,2020-08-09
2377,7,SANTA CRUZ,70301,SAN IGNACIO DE VELASCO,33,305,259,22,24,2020-08-09
2378,7,SANTA CRUZ,70401,BUENA VISTA,33,106,99,0,7,2020-08-09
2379,7,SANTA CRUZ,70402,SAN CARLOS,33,273,257,0,16,2020-08-09
2380,7,SANTA CRUZ,70403,YAPACANI,33,707,691,0,16,2020-08-09
2381,7,SANTA CRUZ,70404,SAN JUAN DE YAPACANI,33,153,153,0,0,2020-08-09
2382,7,SANTA CRUZ,70501,SAN JOSÉ DE CHIQUITOS,33,238,221,16,1,2020-08-09
2383,7,SANTA CRUZ,70502,PAILON,33,383,357,6,20,2020-08-09
2384,7,SANTA CRUZ,70503,ROBORÉ,33,248,242,1,5,2020-08-09
2385,7,SANTA CRUZ,70601,PORTACHUELO,33,260,249,4,7,2020-08-09
2386,7,SANTA CRUZ,70602,SANTA ROSA DEL SARA,33,173,165,0,8,2020-08-09
2387,7,SANTA CRUZ,70603,COLPA BÉLGICA,33,140,117,8,15,2020-08-09
2388,7,SANTA CRUZ,70701,LAGUNILLAS,33,4,4,0,0,2020-08-09
2389,7,SANTA CRUZ,70703,CABEZAS,33,51,47,1,3,2020-08-09
2390,7,SANTA CRUZ,70706,CAMIRI,33,277,248,3,26,2020-08-09
2391,7,SANTA CRUZ,70801,VALLE GRANDE,33,76,25,4,47,2020-08-09
2392,7,SANTA CRUZ,70802,TRIGAL,33,11,0,0,11,2020-08-09
2393,7,SANTA CRUZ,70803,MORO MORO,33,30,9,0,21,2020-08-09
2394,7,SANTA CRUZ,70901,SAMAIPATA,33,33,29,1,3,2020-08-09
2395,7,SANTA CRUZ,70902,PAMPA GRANDE,33,53,44,1,8,2020-08-09
2396,7,SANTA CRUZ,70903,MAIRANA,33,95,51,2,42,2020-08-09
2397,7,SANTA CRUZ,71001,MONTERO,33,2901,2058,81,762,2020-08-09
2398,7,SANTA CRUZ,71002,GRAL. SAAVEDRA,33,72,44,2,26,2020-08-09
2399,7,SANTA CRUZ,71003,MINEROS,33,135,64,5,66,2020-08-09
2400,7,SANTA CRUZ,71004,FERNÁNDEZ ALONSO,33,195,132,1,62,2020-08-09
2401,7,SANTA CRUZ,71005,SAN PEDRO,33,367,312,1,54,2020-08-09
2402,7,SANTA CRUZ,71101,CONCEPCIÓN,33,237,226,4,7,2020-08-09
2403,7,SANTA CRUZ,71102,SAN JAVIER,33,81,57,3,21,2020-08-09
2404,7,SANTA CRUZ,71104,SAN JULIÁN,33,229,198,8,23,2020-08-09
2405,7,SANTA CRUZ,71106,CUATRO CAÑADAS,33,147,116,7,24,2020-08-09
2406,7,SANTA CRUZ,71401,PUERTO SUAREZ,33,78,77,0,1,2020-08-09
2407,7,SANTA CRUZ,71402,PUERTO QUIJARRO,33,228,227,0,1,2020-08-09
2408,7,SANTA CRUZ,71105,SAN ANTONIO DE LOMERÍO,33,36,35,1,0,2020-08-09
2409,7,SANTA CRUZ,71503,EL PUENTE (SCZ),33,45,38,0,7,2020-08-09
2410,7,SANTA CRUZ,71301,COMARAPA,33,73,63,0,10,2020-08-09
2411,7,SANTA CRUZ,70702,CHARAGUA,33,10,9,1,0,2020-08-09
2412,7,SANTA CRUZ,70904,QUIRUSILLAS,33,11,5,0,6,2020-08-09
2413,7,SANTA CRUZ,71501,ASCENCIÓN DE GUARAYOS,33,77,49,0,28,2020-08-09
2414,7,SANTA CRUZ,71201,SAN MATIAS,33,38,25,0,13,2020-08-09
2415,7,SANTA CRUZ,71502,URUBICHA,33,37,23,0,14,2020-08-09
2416,7,SANTA CRUZ,70707,BOYUIBE,33,15,15,0,0,2020-08-09
2417,7,SANTA CRUZ,70705,GUTIERREZ,33,8,7,1,0,2020-08-09
2418,7,SANTA CRUZ,71403,CARMEN RIVERO TORREZ,33,29,29,0,0,2020-08-09
2419,7,SANTA CRUZ,71302,SAIPINA,33,22,20,0,2,2020-08-09
2420,7,SANTA CRUZ,70302,SAN MIGUEL DE VELASCO,33,23,19,1,3,2020-08-09
2421,7,SANTA CRUZ,70303,SAN RAFAEL,33,30,30,0,0,2020-08-09
2422,7,SANTA CRUZ,71103,SAN RAMON,33,141,128,0,13,2020-08-09
2423,8,BENI,80101,TRINIDAD,33,3770,3297,202,271,2020-08-09
2424,8,BENI,80102,SAN JAVIER(BNI),33,13,13,0,0,2020-08-09
2425,8,BENI,80201,RIBERALTA,33,673,565,59,49,2020-08-09
2426,8,BENI,80202,GUAYARAMERIN,33,468,429,29,10,2020-08-09
2427,8,BENI,80301,REYES,33,14,11,3,0,2020-08-09
2428,8,BENI,80302,SAN BORJA,33,194,173,5,16,2020-08-09
2429,8,BENI,80303,SANTA ROSA,33,12,10,0,2,2020-08-09
2430,8,BENI,80304,RURRENABAQUE,33,97,78,3,16,2020-08-09
2431,8,BENI,80401,SANTA ANA,33,230,115,6,109,2020-08-09
2432,8,BENI,80402,EXALTACION,33,8,0,0,8,2020-08-09
2433,8,BENI,80501,SAN IGNACIO,33,92,31,4,57,2020-08-09
2434,8,BENI,80601,LORETO,33,52,51,1,0,2020-08-09
2435,8,BENI,80602,SAN ANDRES,33,98,98,0,0,2020-08-09
2436,8,BENI,80701,SAN JOAQUIN,33,138,7,6,125,2020-08-09
2437,8,BENI,80702,SAN RAMON BENI,33,96,2,3,91,2020-08-09
2438,8,BENI,80703,PUERTO SILES,33,2,2,0,0,2020-08-09
2439,9,PANDO,90101,COBIJA,33,1515,1211,138,166,2020-08-09
2440,9,PANDO,90102,PORVENIR,33,37,36,1,0,2020-08-09
2441,9,PANDO,90103,BOLPEBRA,33,44,9,0,35,2020-08-09
2442,9,PANDO,90201,PUERTO RICO,33,81,70,1,10,2020-08-09
2443,9,PANDO,90202,SAN PEDRO(PND),33,10,10,0,0,2020-08-09
2444,9,PANDO,90203,FILADELFIA,33,20,5,1,14,2020-08-09
2445,9,PANDO,90301,PUERTO GONZALO MORENO,33,23,23,0,0,2020-08-09
2446,9,PANDO,90302,SAN LORENZO(PND),33,69,64,0,5,2020-08-09
2447,9,PANDO,90303,SENA,33,44,12,0,32,2020-08-09
2448,9,PANDO,90401,NACEBE (SANTA ROSA DEL ABUNA),33,10,5,1,4,2020-08-09
2449,9,PANDO,90502,VILLA NUEVA (LOMA ALTA),33,7,5,0,2,2020-08-09
2450,9,PANDO,90503,EUREKA (SANTOS MERCADO),33,7,7,0,0,2020-08-09
2451,9,PANDO,90104,BELLA FLOR,33,43,17,0,26,2020-08-09
2452,1,CHUQUISACA,10101,SUCRE,34,3942,2586,332,1024,2020-08-16
2453,1,CHUQUISACA,10102,YOTALA,34,56,28,1,27,2020-08-16
2454,1,CHUQUISACA,10103,POROMA,34,10,4,0,6,2020-08-16
2455,1,CHUQUISACA,10201,AZURDUY,34,14,7,0,7,2020-08-16
2456,1,CHUQUISACA,10202,TARVITA,34,14,7,0,7,2020-08-16
2457,1,CHUQUISACA,10301,ZUDAÑEZ,34,21,13,0,8,2020-08-16
2458,1,CHUQUISACA,10302,PRESTO,34,11,1,0,10,2020-08-16
2459,1,CHUQUISACA,10303,MOJOCOYA,34,14,10,1,3,2020-08-16
2460,1,CHUQUISACA,10304,ICLA,34,12,1,0,11,2020-08-16
2461,1,CHUQUISACA,10401,PADILLA,34,16,1,0,15,2020-08-16
2462,1,CHUQUISACA,10402,TOMINA,34,18,4,0,14,2020-08-16
2463,1,CHUQUISACA,10403,SOPACHUY,34,3,0,0,3,2020-08-16
2464,1,CHUQUISACA,10404,ALCALA,34,10,1,0,9,2020-08-16
2465,1,CHUQUISACA,10405,EL VILLAR,34,2,1,0,1,2020-08-16
2466,1,CHUQUISACA,10501,MONTEAGUDO,34,76,25,0,51,2020-08-16
2467,1,CHUQUISACA,10601,TARABUCO,34,22,12,1,9,2020-08-16
2468,1,CHUQUISACA,10602,YAMPARAEZ,34,30,13,0,17,2020-08-16
2469,1,CHUQUISACA,10701,CAMARGO,34,57,33,1,23,2020-08-16
2470,1,CHUQUISACA,10702,SAN LUCAS,34,71,50,6,15,2020-08-16
2471,1,CHUQUISACA,10703,INCAHUASI,34,21,7,0,14,2020-08-16
2472,1,CHUQUISACA,10704,VILLA CHARCAS,34,21,17,0,4,2020-08-16
2473,1,CHUQUISACA,10801,VILLA SERRANO,34,10,0,0,10,2020-08-16
2474,1,CHUQUISACA,10901,CAMATAQUI (C. VILLA ABECIA),34,4,1,0,3,2020-08-16
2475,1,CHUQUISACA,10902,CULPINA,34,31,8,2,21,2020-08-16
2476,1,CHUQUISACA,10903,LAS CARRERAS,34,8,0,0,8,2020-08-16
2477,1,CHUQUISACA,11001,VILLA VACA GUZMAN (MUYUPAMPA),34,38,13,0,25,2020-08-16
2478,1,CHUQUISACA,11003,MACHARETI,34,4,1,0,3,2020-08-16
2479,2,LA PAZ,20101,LA PAZ,34,18965,16677,338,1950,2020-08-16
2480,2,LA PAZ,20103,MECAPACA,34,18,17,1,0,2020-08-16
2481,2,LA PAZ,20104,ACHOCALLA,34,45,31,2,12,2020-08-16
2482,2,LA PAZ,20105,EL ALTO,34,7708,6534,154,1020,2020-08-16
2483,2,LA PAZ,20201,ACHACACHI,34,23,16,4,3,2020-08-16
2484,2,LA PAZ,20202,ANCORAIMES,34,3,2,0,1,2020-08-16
2485,2,LA PAZ,20203,CHUA COCANI,34,2,2,0,0,2020-08-16
2486,2,LA PAZ,20205,SANTIAGO DE HUATA,34,1,1,0,0,2020-08-16
2487,2,LA PAZ,20206,HUATAJATA,34,2,2,0,0,2020-08-16
2488,2,LA PAZ,20301,CORO CORO,34,16,14,0,2,2020-08-16
2489,2,LA PAZ,20304,COMANCHE,34,2,2,0,0,2020-08-16
2490,2,LA PAZ,20305,CHARAÑA,34,12,12,0,0,2020-08-16
2491,2,LA PAZ,20306,WALDO BALLIVIAN,34,2,2,0,0,2020-08-16
2492,2,LA PAZ,20402,MOCOMOCO,34,2,2,0,0,2020-08-16
2493,2,LA PAZ,20403,PUERTO CARABUCO,34,1,1,0,0,2020-08-16
2494,2,LA PAZ,20405,ESCOMA,34,4,3,1,0,2020-08-16
2495,2,LA PAZ,20501,CHUMA,34,2,2,0,0,2020-08-16
2496,2,LA PAZ,20502,AYATA,34,2,2,0,0,2020-08-16
2497,2,LA PAZ,20601,SORATA,34,10,10,0,0,2020-08-16
2498,2,LA PAZ,20602,GUANAY,34,12,11,0,1,2020-08-16
2499,2,LA PAZ,20603,TACACOMA,34,1,1,0,0,2020-08-16
2500,2,LA PAZ,20606,TIPUANI,34,1,1,0,0,2020-08-16
2501,2,LA PAZ,20607,MAPIRI,34,2,0,1,1,2020-08-16
2502,2,LA PAZ,20608,TEOPONTE,34,7,1,0,6,2020-08-16
2503,2,LA PAZ,20701,APOLO,34,2,2,0,0,2020-08-16
2504,2,LA PAZ,20702,PELECHUCO,34,1,1,0,0,2020-08-16
2505,2,LA PAZ,20801,VIACHA,34,519,399,6,114,2020-08-16
2506,2,LA PAZ,20802,GUAQUI,34,2,2,0,0,2020-08-16
2507,2,LA PAZ,20803,TIAWANACU,34,11,11,0,0,2020-08-16
2508,2,LA PAZ,20804,DESAGUADERO,34,3,3,0,0,2020-08-16
2509,2,LA PAZ,20806,JESUS DE MACHACA,34,3,3,0,0,2020-08-16
2510,2,LA PAZ,20902,SAPAHAQUI,34,5,0,0,5,2020-08-16
2511,2,LA PAZ,20903,YACO,34,2,2,0,0,2020-08-16
2512,2,LA PAZ,20904,MALLA,34,6,5,0,1,2020-08-16
2513,2,LA PAZ,20905,CAIROMA,34,16,5,0,11,2020-08-16
2514,2,LA PAZ,21001,INQUISIVI,34,7,7,0,0,2020-08-16
2515,2,LA PAZ,21002,QUIME,34,12,10,1,1,2020-08-16
2516,2,LA PAZ,21003,CAJUATA,34,2,0,1,1,2020-08-16
2517,2,LA PAZ,21004,COLQUIRI,34,66,7,7,52,2020-08-16
2518,2,LA PAZ,21005,ICHOCA,34,1,0,0,1,2020-08-16
2519,2,LA PAZ,21006,LICOMA PAMPA,34,1,1,0,0,2020-08-16
2520,2,LA PAZ,21101,CHULUMANI (V. DE LA LIBERTAD),34,22,10,4,8,2020-08-16
2521,2,LA PAZ,21102,IRUPANA (VILLA DE LANZA),34,32,27,2,3,2020-08-16
2522,2,LA PAZ,21103,YANACACHI,34,9,8,0,1,2020-08-16
2523,2,LA PAZ,21104,PALOS BLANCOS,34,27,23,3,1,2020-08-16
2524,2,LA PAZ,21105,LA ASUNTA,34,10,9,1,0,2020-08-16
2525,2,LA PAZ,21201,PUCARANI,34,17,15,1,1,2020-08-16
2526,2,LA PAZ,21202,LAJA,34,39,34,3,2,2020-08-16
2527,2,LA PAZ,21203,BATALLAS,34,50,47,2,1,2020-08-16
2528,2,LA PAZ,21301,SICA SICA (VILLA AROMA),34,11,7,3,1,2020-08-16
2529,2,LA PAZ,21302,UMALA,34,16,3,3,10,2020-08-16
2530,2,LA PAZ,21304,CALAMARCA,34,7,7,0,0,2020-08-16
2531,2,LA PAZ,21305,PATACAMAYA,34,63,18,6,39,2020-08-16
2532,2,LA PAZ,21306,COLQUENCHA,34,5,5,0,0,2020-08-16
2533,2,LA PAZ,21307,COLLANA,34,1,1,0,0,2020-08-16
2534,2,LA PAZ,21401,COROICO,34,25,15,1,9,2020-08-16
2535,2,LA PAZ,21402,CORIPATA,34,31,11,4,16,2020-08-16
2536,2,LA PAZ,21502,SAN BUENA VENTURA,34,11,4,1,6,2020-08-16
2537,2,LA PAZ,21601,GRAL. J.J. PEREZ (CHARAZANI),34,1,1,0,0,2020-08-16
2538,2,LA PAZ,21701,COPACABANA,34,30,26,0,4,2020-08-16
2539,2,LA PAZ,21702,SAN PEDRO DE TIQUINA,34,6,6,0,0,2020-08-16
2540,2,LA PAZ,21802,PAPEL PAMPA,34,1,1,0,0,2020-08-16
2541,2,LA PAZ,21901,SANTIAGO DE MACHACA,34,3,3,0,0,2020-08-16
2542,2,LA PAZ,22001,CARANAVI,34,63,44,4,15,2020-08-16
2543,2,LA PAZ,22002,ALTO BENI,34,3,2,1,0,2020-08-16
2544,3,COCHABAMBA,30101,COCHABAMBA,34,6947,2580,524,3843,2020-08-16
2545,3,COCHABAMBA,30201,AIQUILE,34,34,1,5,28,2020-08-16
2546,3,COCHABAMBA,30203,OMEREQUE,34,14,0,1,13,2020-08-16
2547,3,COCHABAMBA,30301,AYOPAYA (V. DE INDEPENDENCIA),34,5,4,0,1,2020-08-16
2548,3,COCHABAMBA,30302,MOROCHATA,34,1,1,0,0,2020-08-16
2549,3,COCHABAMBA,30303,COCAPATA,34,2,0,1,1,2020-08-16
2550,3,COCHABAMBA,30401,TARATA,34,25,2,7,16,2020-08-16
2551,3,COCHABAMBA,30402,ANZALDO,34,15,12,0,3,2020-08-16
2552,3,COCHABAMBA,30403,ARBIETO,34,16,0,4,12,2020-08-16
2553,3,COCHABAMBA,30501,ARANI,34,26,18,2,6,2020-08-16
2554,3,COCHABAMBA,30502,VACAS,34,7,4,0,3,2020-08-16
2555,3,COCHABAMBA,30601,ARQUE,34,4,1,2,1,2020-08-16
2556,3,COCHABAMBA,30701,CAPINOTA,34,91,60,6,25,2020-08-16
2557,3,COCHABAMBA,30702,SANTIVAÑES,34,28,2,1,25,2020-08-16
2558,3,COCHABAMBA,30703,SICAYA,34,8,3,0,5,2020-08-16
2559,3,COCHABAMBA,30801,CLIZA,34,30,13,4,13,2020-08-16
2560,3,COCHABAMBA,30802,TOCO,34,7,3,2,2,2020-08-16
2561,3,COCHABAMBA,30803,TOLATA,34,21,17,1,3,2020-08-16
2562,3,COCHABAMBA,30901,QUILLACOLLO,34,989,514,53,422,2020-08-16
2563,3,COCHABAMBA,30902,SIPE SIPE,34,208,88,10,110,2020-08-16
2564,3,COCHABAMBA,30903,TIQUIPAYA,34,220,107,13,100,2020-08-16
2565,3,COCHABAMBA,30904,VINTO,34,229,55,21,153,2020-08-16
2566,3,COCHABAMBA,30905,COLCAPIRHUA,34,173,80,22,71,2020-08-16
2567,3,COCHABAMBA,31001,SACABA,34,808,348,62,398,2020-08-16
2568,3,COCHABAMBA,31002,COLOMI,34,36,18,3,15,2020-08-16
2569,3,COCHABAMBA,31003,VILLA TUNARI,34,140,12,10,118,2020-08-16
2570,3,COCHABAMBA,31101,TAPACARI,34,17,8,2,7,2020-08-16
2571,3,COCHABAMBA,31201,TOTORA(CBBA),34,46,27,1,18,2020-08-16
2572,3,COCHABAMBA,31202,POJO (CBBA),34,12,9,0,3,2020-08-16
2573,3,COCHABAMBA,31203,POCONA,34,15,14,0,1,2020-08-16
2574,3,COCHABAMBA,31204,CHIMORE,34,156,13,11,132,2020-08-16
2575,3,COCHABAMBA,31205,PUERTO VILLARROEL,34,468,91,29,348,2020-08-16
2576,3,COCHABAMBA,31206,ENTRE RIOS CBBA,34,430,65,37,328,2020-08-16
2577,3,COCHABAMBA,31301,MIZQUE,34,72,31,3,38,2020-08-16
2578,3,COCHABAMBA,31302,VILA VILA,34,2,0,0,2,2020-08-16
2579,3,COCHABAMBA,31401,PUNATA,34,120,19,22,79,2020-08-16
2580,3,COCHABAMBA,31402,VILLA RIVERO,34,7,6,0,1,2020-08-16
2581,3,COCHABAMBA,31403,SAN BENITO,34,86,56,2,28,2020-08-16
2582,3,COCHABAMBA,31404,TACACHI,34,1,0,1,0,2020-08-16
2583,3,COCHABAMBA,31501,BOLIVAR,34,6,0,0,6,2020-08-16
2584,3,COCHABAMBA,31601,TIRAQUE (CBBA),34,9,1,4,4,2020-08-16
2585,3,COCHABAMBA,31602,SHINAOTA,34,260,93,4,163,2020-08-16
2586,4,ORURO,40101,ORURO,34,3822,2394,198,1230,2020-08-16
2587,4,ORURO,40102,CARACOLLO,34,18,7,10,1,2020-08-16
2588,4,ORURO,40104,SORACACHI,34,2,1,1,0,2020-08-16
2589,4,ORURO,40201,CHALLAPATA,34,106,100,3,3,2020-08-16
2590,4,ORURO,40202,SANTUARIO DE QUILLACAS,34,17,9,0,8,2020-08-16
2591,4,ORURO,40401,CURAHUARA DE CARANGAS,34,1,0,0,1,2020-08-16
2592,4,ORURO,40402,TURCO,34,3,3,0,0,2020-08-16
2593,4,ORURO,40501,HUACHACALLA,34,30,7,4,19,2020-08-16
2594,4,ORURO,40502,ESCARA,34,1,1,0,0,2020-08-16
2595,4,ORURO,40505,ESMERALDA,34,7,7,0,0,2020-08-16
2596,4,ORURO,40601,POOPO,34,18,15,1,2,2020-08-16
2597,4,ORURO,40603,ANTEQUERA,34,8,5,0,3,2020-08-16
2598,4,ORURO,40701,HUANUNI,34,483,132,25,326,2020-08-16
2599,4,ORURO,40702,MACHACAMARCA,34,13,9,1,3,2020-08-16
2600,4,ORURO,40801,SALINAS DE GARCI MENDOZA,34,9,6,0,3,2020-08-16
2601,4,ORURO,40802,PAMPA AULLAGAS,34,1,1,0,0,2020-08-16
2602,4,ORURO,40901,SABAYA,34,23,20,1,2,2020-08-16
2603,4,ORURO,40902,COIPASA,34,1,0,0,1,2020-08-16
2604,4,ORURO,41001,TOLEDO,34,5,3,2,0,2020-08-16
2605,4,ORURO,41101,EUCALIPTUS,34,41,14,4,23,2020-08-16
2606,4,ORURO,41201,ANDAMARCA,34,3,3,0,0,2020-08-16
2607,4,ORURO,41301,TOTORA(ORR),34,5,5,0,0,2020-08-16
2608,4,ORURO,41401,SANTIAGO DE HUARI,34,13,9,4,0,2020-08-16
2609,4,ORURO,41601,HUAYLLAMARCA,34,6,3,2,1,2020-08-16
2610,5,POTOSI,50101,POTOSI,34,2805,2526,113,166,2020-08-16
2611,5,POTOSI,50102,TINGUIPAYA,34,7,7,0,0,2020-08-16
2612,5,POTOSI,50103,YOCALLA,34,2,1,1,0,2020-08-16
2613,5,POTOSI,50201,UNCIA,34,231,169,0,62,2020-08-16
2614,5,POTOSI,50202,CHAYANTA,34,28,13,1,14,2020-08-16
2615,5,POTOSI,50203,LLALLAGUA,34,714,526,12,176,2020-08-16
2616,5,POTOSI,50204,CHUQUIHUTA AYLLU JUCUMANI,34,12,11,1,0,2020-08-16
2617,5,POTOSI,50301,BETANZOS,34,67,31,3,33,2020-08-16
2618,5,POTOSI,50302,CHAQUI,34,1,1,0,0,2020-08-16
2619,5,POTOSI,50303,TACOBAMBA,34,21,21,0,0,2020-08-16
2620,5,POTOSI,50401,COLQUECHACA,34,28,21,0,7,2020-08-16
2621,5,POTOSI,50402,RAVELO,34,29,20,1,8,2020-08-16
2622,5,POTOSI,50403,POCOATA,34,31,14,5,12,2020-08-16
2623,5,POTOSI,50404,OCURI,34,39,25,1,13,2020-08-16
2624,5,POTOSI,50501,SAN PEDRO DE BUENA VISTA,34,10,3,1,6,2020-08-16
2625,5,POTOSI,50502,TORO TORO,34,28,27,1,0,2020-08-16
2626,5,POTOSI,50601,COTAGAITA,34,9,8,1,0,2020-08-16
2627,5,POTOSI,50602,VITICHI,34,8,5,0,3,2020-08-16
2628,5,POTOSI,50701,SACACA,34,3,0,3,0,2020-08-16
2629,5,POTOSI,50702,CARIPUYO,34,3,3,0,0,2020-08-16
2630,5,POTOSI,50801,TUPIZA,34,71,64,6,1,2020-08-16
2631,5,POTOSI,50802,ATOCHA,34,83,63,2,18,2020-08-16
2632,5,POTOSI,50901,"COLCHA ""K""",34,83,46,2,35,2020-08-16
2633,5,POTOSI,51101,PUNA,34,45,34,2,9,2020-08-16
2634,5,POTOSI,51102,"CAIZA ""D""",34,55,46,1,8,2020-08-16
2635,5,POTOSI,51103,CKOCHAS,34,9,9,0,0,2020-08-16
2636,5,POTOSI,51201,UYUNI,34,75,47,14,14,2020-08-16
2637,5,POTOSI,51202,TOMAVE,34,15,10,0,5,2020-08-16
2638,5,POTOSI,51203,PORCO,34,4,4,0,0,2020-08-16
2639,5,POTOSI,51301,ARAMPAMPA,34,3,3,0,0,2020-08-16
2640,5,POTOSI,51302,ACACIO,34,4,4,0,0,2020-08-16
2641,5,POTOSI,51401,LLICA,34,6,6,0,0,2020-08-16
2642,5,POTOSI,51402,TAHUA,34,9,9,0,0,2020-08-16
2643,5,POTOSI,51501,VILLAZON,34,195,155,7,33,2020-08-16
2644,5,POTOSI,51601,SAN AGUSTIN,34,3,3,0,0,2020-08-16
2645,6,TARIJA,60101,TARIJA,34,4380,3673,111,596,2020-08-16
2646,6,TARIJA,60201,PADCAYA,34,80,37,0,43,2020-08-16
2647,6,TARIJA,60202,BERMEJO,34,194,131,3,60,2020-08-16
2648,6,TARIJA,60301,YACUIBA,34,1209,1059,32,118,2020-08-16
2649,6,TARIJA,60302,CARAPARI,34,155,44,1,110,2020-08-16
2650,6,TARIJA,60303,VILLA MONTES,34,318,166,8,144,2020-08-16
2651,6,TARIJA,60401,URIONDO (A. CONCEPCION),34,127,76,1,50,2020-08-16
2652,6,TARIJA,60402,YUNCHARA,34,7,0,0,7,2020-08-16
2653,6,TARIJA,60501,SAN LORENZO(TJA),34,288,143,4,141,2020-08-16
2654,6,TARIJA,60502,EL PUENTE(TJA),34,60,33,2,25,2020-08-16
2655,6,TARIJA,60601,ENTRE RIOS TRJ,34,87,51,2,34,2020-08-16
2656,7,SANTA CRUZ,70101,SANTA CRUZ,34,25732,2976,1303,21453,2020-08-16
2657,7,SANTA CRUZ,70102,COTOCA,34,1148,1036,14,98,2020-08-16
2658,7,SANTA CRUZ,70103,PORONGO,34,184,117,1,66,2020-08-16
2659,7,SANTA CRUZ,70104,LA GUARDIA,34,1314,315,7,992,2020-08-16
2660,7,SANTA CRUZ,70105,EL TORNO,34,947,669,31,247,2020-08-16
2661,7,SANTA CRUZ,70201,WARNES,34,797,492,10,295,2020-08-16
2662,7,SANTA CRUZ,70202,OKINAWA UNO,34,121,50,5,66,2020-08-16
2663,7,SANTA CRUZ,70301,SAN IGNACIO DE VELASCO,34,316,270,22,24,2020-08-16
2664,7,SANTA CRUZ,70401,BUENA VISTA,34,106,99,0,7,2020-08-16
2665,7,SANTA CRUZ,70402,SAN CARLOS,34,273,257,0,16,2020-08-16
2666,7,SANTA CRUZ,70403,YAPACANI,34,708,692,0,16,2020-08-16
2667,7,SANTA CRUZ,70404,SAN JUAN DE YAPACANI,34,153,153,0,0,2020-08-16
2668,7,SANTA CRUZ,70501,SAN JOSÉ DE CHIQUITOS,34,239,220,18,1,2020-08-16
2669,7,SANTA CRUZ,70502,PAILON,34,385,356,9,20,2020-08-16
2670,7,SANTA CRUZ,70503,ROBORÉ,34,251,239,7,5,2020-08-16
2671,7,SANTA CRUZ,70601,PORTACHUELO,34,260,249,4,7,2020-08-16
2672,7,SANTA CRUZ,70602,SANTA ROSA DEL SARA,34,177,169,0,8,2020-08-16
2673,7,SANTA CRUZ,70603,COLPA BÉLGICA,34,140,117,8,15,2020-08-16
2674,7,SANTA CRUZ,70701,LAGUNILLAS,34,4,4,0,0,2020-08-16
2675,7,SANTA CRUZ,70703,CABEZAS,34,53,49,1,3,2020-08-16
2676,7,SANTA CRUZ,70706,CAMIRI,34,343,314,3,26,2020-08-16
2677,7,SANTA CRUZ,70801,VALLE GRANDE,34,77,25,5,47,2020-08-16
2678,7,SANTA CRUZ,70802,TRIGAL,34,11,0,0,11,2020-08-16
2679,7,SANTA CRUZ,70803,MORO MORO,34,30,8,1,21,2020-08-16
2680,7,SANTA CRUZ,70901,SAMAIPATA,34,33,29,1,3,2020-08-16
2681,7,SANTA CRUZ,70902,PAMPA GRANDE,34,55,46,1,8,2020-08-16
2682,7,SANTA CRUZ,70903,MAIRANA,34,99,55,2,42,2020-08-16
2683,7,SANTA CRUZ,71001,MONTERO,34,2915,2050,103,762,2020-08-16
2684,7,SANTA CRUZ,71002,GRAL. SAAVEDRA,34,72,44,2,26,2020-08-16
2685,7,SANTA CRUZ,71003,MINEROS,34,135,64,5,66,2020-08-16
2686,7,SANTA CRUZ,71004,FERNÁNDEZ ALONSO,34,199,136,1,62,2020-08-16
2687,7,SANTA CRUZ,71005,SAN PEDRO,34,368,313,1,54,2020-08-16
2688,7,SANTA CRUZ,71101,CONCEPCIÓN,34,261,250,4,7,2020-08-16
2689,7,SANTA CRUZ,71102,SAN JAVIER,34,81,57,3,21,2020-08-16
2690,7,SANTA CRUZ,71104,SAN JULIÁN,34,230,199,8,23,2020-08-16
2691,7,SANTA CRUZ,71106,CUATRO CAÑADAS,34,150,119,7,24,2020-08-16
2692,7,SANTA CRUZ,71401,PUERTO SUAREZ,34,78,77,0,1,2020-08-16
2693,7,SANTA CRUZ,71402,PUERTO QUIJARRO,34,228,227,0,1,2020-08-16
2694,7,SANTA CRUZ,71105,SAN ANTONIO DE LOMERÍO,34,38,37,1,0,2020-08-16
2695,7,SANTA CRUZ,71503,EL PUENTE (SCZ),34,51,43,1,7,2020-08-16
2696,7,SANTA CRUZ,71301,COMARAPA,34,74,64,0,10,2020-08-16
2697,7,SANTA CRUZ,70702,CHARAGUA,34,10,9,1,0,2020-08-16
2698,7,SANTA CRUZ,70904,QUIRUSILLAS,34,11,4,1,6,2020-08-16
2699,7,SANTA CRUZ,71501,ASCENCIÓN DE GUARAYOS,34,78,42,8,28,2020-08-16
2700,7,SANTA CRUZ,71201,SAN MATIAS,34,38,25,0,13,2020-08-16
2701,7,SANTA CRUZ,71502,URUBICHA,34,37,21,2,14,2020-08-16
2702,7,SANTA CRUZ,70707,BOYUIBE,34,16,16,0,0,2020-08-16
2703,7,SANTA CRUZ,70705,GUTIERREZ,34,13,12,1,0,2020-08-16
2704,7,SANTA CRUZ,71403,CARMEN RIVERO TORREZ,34,29,29,0,0,2020-08-16
2705,7,SANTA CRUZ,71302,SAIPINA,34,23,21,0,2,2020-08-16
2706,7,SANTA CRUZ,70302,SAN MIGUEL DE VELASCO,34,23,19,1,3,2020-08-16
2707,7,SANTA CRUZ,70303,SAN RAFAEL,34,30,30,0,0,2020-08-16
2708,7,SANTA CRUZ,71103,SAN RAMON,34,142,129,0,13,2020-08-16
2709,8,BENI,80101,TRINIDAD,34,3797,3212,203,382,2020-08-16
2710,8,BENI,80102,SAN JAVIER(BNI),34,13,13,0,0,2020-08-16
2711,8,BENI,80201,RIBERALTA,34,679,567,63,49,2020-08-16
2712,8,BENI,80202,GUAYARAMERIN,34,468,429,29,10,2020-08-16
2713,8,BENI,80301,REYES,34,64,61,3,0,2020-08-16
2714,8,BENI,80302,SAN BORJA,34,265,239,6,20,2020-08-16
2715,8,BENI,80303,SANTA ROSA,34,34,32,0,2,2020-08-16
2716,8,BENI,80304,RURRENABAQUE,34,255,236,3,16,2020-08-16
2717,8,BENI,80401,SANTA ANA,34,257,142,6,109,2020-08-16
2718,8,BENI,80402,EXALTACION,34,8,0,0,8,2020-08-16
2719,8,BENI,80501,SAN IGNACIO,34,94,33,4,57,2020-08-16
2720,8,BENI,80601,LORETO,34,54,53,1,0,2020-08-16
2721,8,BENI,80602,SAN ANDRES,34,98,98,0,0,2020-08-16
2722,8,BENI,80701,SAN JOAQUIN,34,138,7,6,125,2020-08-16
2723,8,BENI,80702,SAN RAMON BENI,34,96,2,3,91,2020-08-16
2724,8,BENI,80703,PUERTO SILES,34,2,2,0,0,2020-08-16
2725,9,PANDO,90101,COBIJA,34,1713,1400,141,172,2020-08-16
2726,9,PANDO,90102,PORVENIR,34,37,36,1,0,2020-08-16
2727,9,PANDO,90103,BOLPEBRA,34,44,7,0,37,2020-08-16
2728,9,PANDO,90201,PUERTO RICO,34,142,131,1,10,2020-08-16
2729,9,PANDO,90202,SAN PEDRO(PND),34,11,11,0,0,2020-08-16
2730,9,PANDO,90203,FILADELFIA,34,22,7,1,14,2020-08-16
2731,9,PANDO,90301,PUERTO GONZALO MORENO,34,49,49,0,0,2020-08-16
2732,9,PANDO,90302,SAN LORENZO(PND),34,85,80,0,5,2020-08-16
2733,9,PANDO,90303,SENA,34,50,18,0,32,2020-08-16
2734,9,PANDO,90401,NACEBE (SANTA ROSA DEL ABUNA),34,13,8,1,4,2020-08-16
2735,9,PANDO,90502,VILLA NUEVA (LOMA ALTA),34,8,2,0,6,2020-08-16
2736,9,PANDO,90503,EUREKA (SANTOS MERCADO),34,7,7,0,0,2020-08-16
2737,9,PANDO,90104,BELLA FLOR,34,49,23,0,26,2020-08-16
2738,1,CHUQUISACA,10101,SUCRE,35,4398,2573,362,1463,2020-08-23
2739,1,CHUQUISACA,10102,YOTALA,35,71,43,1,27,2020-08-23
2740,1,CHUQUISACA,10103,POROMA,35,12,6,0,6,2020-08-23
2741,1,CHUQUISACA,10201,AZURDUY,35,16,9,0,7,2020-08-23
2742,1,CHUQUISACA,10202,TARVITA,35,24,17,0,7,2020-08-23
2743,1,CHUQUISACA,10301,ZUDAÑEZ,35,23,7,0,16,2020-08-23
2744,1,CHUQUISACA,10302,PRESTO,35,21,11,0,10,2020-08-23
2745,1,CHUQUISACA,10303,MOJOCOYA,35,18,10,1,7,2020-08-23
2746,1,CHUQUISACA,10304,ICLA,35,12,1,0,11,2020-08-23
2747,1,CHUQUISACA,10401,PADILLA,35,16,1,0,15,2020-08-23
2748,1,CHUQUISACA,10402,TOMINA,35,18,3,0,15,2020-08-23
2749,1,CHUQUISACA,10403,SOPACHUY,35,3,0,0,3,2020-08-23
2750,1,CHUQUISACA,10404,ALCALA,35,10,1,0,9,2020-08-23
2751,1,CHUQUISACA,10405,EL VILLAR,35,2,1,0,1,2020-08-23
2752,1,CHUQUISACA,10501,MONTEAGUDO,35,79,26,0,53,2020-08-23
2753,1,CHUQUISACA,10601,TARABUCO,35,32,18,2,12,2020-08-23
2754,1,CHUQUISACA,10602,YAMPARAEZ,35,34,15,2,17,2020-08-23
2755,1,CHUQUISACA,10701,CAMARGO,35,65,25,5,35,2020-08-23
2756,1,CHUQUISACA,10702,SAN LUCAS,35,79,45,7,27,2020-08-23
2757,1,CHUQUISACA,10703,INCAHUASI,35,26,12,0,14,2020-08-23
2758,1,CHUQUISACA,10704,VILLA CHARCAS,35,29,20,2,7,2020-08-23
2759,1,CHUQUISACA,10801,VILLA SERRANO,35,10,0,0,10,2020-08-23
2760,1,CHUQUISACA,10901,CAMATAQUI (C. VILLA ABECIA),35,4,1,0,3,2020-08-23
2761,1,CHUQUISACA,10902,CULPINA,35,37,13,3,21,2020-08-23
2762,1,CHUQUISACA,10903,LAS CARRERAS,35,11,3,0,8,2020-08-23
2763,1,CHUQUISACA,11001,VILLA VACA GUZMAN (MUYUPAMPA),35,43,11,0,32,2020-08-23
2764,1,CHUQUISACA,11003,MACHARETI,35,4,0,0,4,2020-08-23
2765,2,LA PAZ,20101,LA PAZ,35,20819,14933,430,5456,2020-08-23
2766,2,LA PAZ,20102,PALCA,35,4,4,0,0,2020-08-23
2767,2,LA PAZ,20103,MECAPACA,35,20,11,1,8,2020-08-23
2768,2,LA PAZ,20104,ACHOCALLA,35,48,32,2,14,2020-08-23
2769,2,LA PAZ,20105,EL ALTO,35,8386,5641,195,2550,2020-08-23
2770,2,LA PAZ,20201,ACHACACHI,35,33,22,5,6,2020-08-23
2771,2,LA PAZ,20202,ANCORAIMES,35,3,1,0,2,2020-08-23
2772,2,LA PAZ,20203,CHUA COCANI,35,2,2,0,0,2020-08-23
2773,2,LA PAZ,20205,SANTIAGO DE HUATA,35,2,2,0,0,2020-08-23
2774,2,LA PAZ,20206,HUATAJATA,35,2,0,0,2,2020-08-23
2775,2,LA PAZ,20301,CORO CORO,35,22,15,1,6,2020-08-23
2776,2,LA PAZ,20303,CALACOTO,35,2,2,0,0,2020-08-23
2777,2,LA PAZ,20304,COMANCHE,35,2,2,0,0,2020-08-23
2778,2,LA PAZ,20305,CHARAÑA,35,14,14,0,0,2020-08-23
2779,2,LA PAZ,20306,WALDO BALLIVIAN,35,3,3,0,0,2020-08-23
2780,2,LA PAZ,20402,MOCOMOCO,35,2,2,0,0,2020-08-23
2781,2,LA PAZ,20403,PUERTO CARABUCO,35,1,1,0,0,2020-08-23
2782,2,LA PAZ,20405,ESCOMA,35,4,1,1,2,2020-08-23
2783,2,LA PAZ,20501,CHUMA,35,2,1,0,1,2020-08-23
2784,2,LA PAZ,20502,AYATA,35,2,1,0,1,2020-08-23
2785,2,LA PAZ,20601,SORATA,35,14,13,0,1,2020-08-23
2786,2,LA PAZ,20602,GUANAY,35,21,19,1,1,2020-08-23
2787,2,LA PAZ,20603,TACACOMA,35,1,1,0,0,2020-08-23
2788,2,LA PAZ,20606,TIPUANI,35,1,1,0,0,2020-08-23
2789,2,LA PAZ,20607,MAPIRI,35,2,0,1,1,2020-08-23
2790,2,LA PAZ,20608,TEOPONTE,35,7,1,0,6,2020-08-23
2791,2,LA PAZ,20701,APOLO,35,2,2,0,0,2020-08-23
2792,2,LA PAZ,20702,PELECHUCO,35,2,2,0,0,2020-08-23
2793,2,LA PAZ,20801,VIACHA,35,578,371,7,200,2020-08-23
2794,2,LA PAZ,20802,GUAQUI,35,3,2,0,1,2020-08-23
2795,2,LA PAZ,20803,TIAWANACU,35,12,12,0,0,2020-08-23
2796,2,LA PAZ,20804,DESAGUADERO,35,3,3,0,0,2020-08-23
2797,2,LA PAZ,20806,JESUS DE MACHACA,35,3,3,0,0,2020-08-23
2798,2,LA PAZ,20901,LURIBAY,35,1,1,0,0,2020-08-23
2799,2,LA PAZ,20902,SAPAHAQUI,35,6,1,0,5,2020-08-23
2800,2,LA PAZ,20903,YACO,35,4,4,0,0,2020-08-23
2801,2,LA PAZ,20904,MALLA,35,6,5,0,1,2020-08-23
2802,2,LA PAZ,20905,CAIROMA,35,16,3,0,13,2020-08-23
2803,2,LA PAZ,21001,INQUISIVI,35,8,8,0,0,2020-08-23
2804,2,LA PAZ,21002,QUIME,35,13,11,1,1,2020-08-23
2805,2,LA PAZ,21003,CAJUATA,35,2,0,1,1,2020-08-23
2806,2,LA PAZ,21004,COLQUIRI,35,69,10,7,52,2020-08-23
2807,2,LA PAZ,21005,ICHOCA,35,1,0,0,1,2020-08-23
2808,2,LA PAZ,21006,LICOMA PAMPA,35,1,1,0,0,2020-08-23
2809,2,LA PAZ,21101,CHULUMANI (V. DE LA LIBERTAD),35,25,10,4,11,2020-08-23
2810,2,LA PAZ,21102,IRUPANA (VILLA DE LANZA),35,45,37,2,6,2020-08-23
2811,2,LA PAZ,21103,YANACACHI,35,9,5,0,4,2020-08-23
2812,2,LA PAZ,21104,PALOS BLANCOS,35,32,20,3,9,2020-08-23
2813,2,LA PAZ,21105,LA ASUNTA,35,10,7,1,2,2020-08-23
2814,2,LA PAZ,21201,PUCARANI,35,20,11,1,8,2020-08-23
2815,2,LA PAZ,21202,LAJA,35,40,29,4,7,2020-08-23
2816,2,LA PAZ,21203,BATALLAS,35,53,47,2,4,2020-08-23
2817,2,LA PAZ,21204,PUERTO PEREZ,35,2,2,0,0,2020-08-23
2818,2,LA PAZ,21301,SICA SICA (VILLA AROMA),35,12,4,3,5,2020-08-23
2819,2,LA PAZ,21302,UMALA,35,16,2,3,11,2020-08-23
2820,2,LA PAZ,21304,CALAMARCA,35,8,6,0,2,2020-08-23
2821,2,LA PAZ,21305,PATACAMAYA,35,65,9,6,50,2020-08-23
2822,2,LA PAZ,21306,COLQUENCHA,35,5,5,0,0,2020-08-23
2823,2,LA PAZ,21307,COLLANA,35,1,0,0,1,2020-08-23
2824,2,LA PAZ,21401,COROICO,35,25,7,0,18,2020-08-23
2825,2,LA PAZ,21402,CORIPATA,35,32,2,5,25,2020-08-23
2826,2,LA PAZ,21502,SAN BUENA VENTURA,35,11,1,1,9,2020-08-23
2827,2,LA PAZ,21601,GRAL. J.J. PEREZ (CHARAZANI),35,1,1,0,0,2020-08-23
2828,2,LA PAZ,21701,COPACABANA,35,34,29,0,5,2020-08-23
2829,2,LA PAZ,21702,SAN PEDRO DE TIQUINA,35,6,6,0,0,2020-08-23
2830,2,LA PAZ,21703,TITO YUPANQUI (PARQUIPUJIO),35,1,1,0,0,2020-08-23
2831,2,LA PAZ,21802,PAPEL PAMPA,35,1,0,0,1,2020-08-23
2832,2,LA PAZ,21803,CHACARILLA,35,5,5,0,0,2020-08-23
2833,2,LA PAZ,21901,SANTIAGO DE MACHACA,35,3,3,0,0,2020-08-23
2834,2,LA PAZ,22001,CARANAVI,35,64,26,4,34,2020-08-23
2835,2,LA PAZ,22002,ALTO BENI,35,3,2,1,0,2020-08-23
2836,3,COCHABAMBA,30101,COCHABAMBA,35,7246,1732,550,4964,2020-08-23
2837,3,COCHABAMBA,30201,AIQUILE,35,34,1,5,28,2020-08-23
2838,3,COCHABAMBA,30202,PASORAPA,35,1,1,0,0,2020-08-23
2839,3,COCHABAMBA,30203,OMEREQUE,35,15,1,1,13,2020-08-23
2840,3,COCHABAMBA,30301,AYOPAYA (V. DE INDEPENDENCIA),35,13,12,0,1,2020-08-23
2841,3,COCHABAMBA,30302,MOROCHATA,35,1,1,0,0,2020-08-23
2842,3,COCHABAMBA,30303,COCAPATA,35,2,0,1,1,2020-08-23
2843,3,COCHABAMBA,30401,TARATA,35,36,9,9,18,2020-08-23
2844,3,COCHABAMBA,30402,ANZALDO,35,16,13,0,3,2020-08-23
2845,3,COCHABAMBA,30403,ARBIETO,35,17,2,4,11,2020-08-23
2846,3,COCHABAMBA,30501,ARANI,35,27,18,2,7,2020-08-23
2847,3,COCHABAMBA,30502,VACAS,35,8,2,0,6,2020-08-23
2848,3,COCHABAMBA,30601,ARQUE,35,4,1,2,1,2020-08-23
2849,3,COCHABAMBA,30602,TACOPAYA,35,3,3,0,0,2020-08-23
2850,3,COCHABAMBA,30701,CAPINOTA,35,92,59,6,27,2020-08-23
2851,3,COCHABAMBA,30702,SANTIVAÑES,35,29,3,1,25,2020-08-23
2852,3,COCHABAMBA,30703,SICAYA,35,8,3,0,5,2020-08-23
2853,3,COCHABAMBA,30801,CLIZA,35,32,6,4,22,2020-08-23
2854,3,COCHABAMBA,30802,TOCO,35,7,3,2,2,2020-08-23
2855,3,COCHABAMBA,30803,TOLATA,35,27,22,1,4,2020-08-23
2856,3,COCHABAMBA,30901,QUILLACOLLO,35,1055,471,62,522,2020-08-23
2857,3,COCHABAMBA,30902,SIPE SIPE,35,220,99,11,110,2020-08-23
2858,3,COCHABAMBA,30903,TIQUIPAYA,35,234,103,15,116,2020-08-23
2859,3,COCHABAMBA,30904,VINTO,35,244,57,25,162,2020-08-23
2860,3,COCHABAMBA,30905,COLCAPIRHUA,35,186,86,23,77,2020-08-23
2861,3,COCHABAMBA,31001,SACABA,35,821,346,66,409,2020-08-23
2862,3,COCHABAMBA,31002,COLOMI,35,38,19,3,16,2020-08-23
2863,3,COCHABAMBA,31003,VILLA TUNARI,35,142,11,11,120,2020-08-23
2864,3,COCHABAMBA,31101,TAPACARI,35,17,7,2,8,2020-08-23
2865,3,COCHABAMBA,31201,TOTORA(CBBA),35,49,22,1,26,2020-08-23
2866,3,COCHABAMBA,31202,POJO (CBBA),35,14,11,0,3,2020-08-23
2867,3,COCHABAMBA,31203,POCONA,35,16,1,1,14,2020-08-23
2868,3,COCHABAMBA,31204,CHIMORE,35,160,7,11,142,2020-08-23
2869,3,COCHABAMBA,31205,PUERTO VILLARROEL,35,471,79,32,360,2020-08-23
2870,3,COCHABAMBA,31206,ENTRE RIOS CBBA,35,430,55,38,337,2020-08-23
2871,3,COCHABAMBA,31301,MIZQUE,35,77,24,3,50,2020-08-23
2872,3,COCHABAMBA,31302,VILA VILA,35,2,0,0,2,2020-08-23
2873,3,COCHABAMBA,31401,PUNATA,35,122,7,22,93,2020-08-23
2874,3,COCHABAMBA,31402,VILLA RIVERO,35,8,6,0,2,2020-08-23
2875,3,COCHABAMBA,31403,SAN BENITO,35,88,17,2,69,2020-08-23
2876,3,COCHABAMBA,31404,TACACHI,35,1,0,1,0,2020-08-23
2877,3,COCHABAMBA,31501,BOLIVAR,35,6,0,0,6,2020-08-23
2878,3,COCHABAMBA,31601,TIRAQUE (CBBA),35,11,1,4,6,2020-08-23
2879,3,COCHABAMBA,31602,SHINAOTA,35,260,86,7,167,2020-08-23
2880,4,ORURO,40101,ORURO,35,4037,2415,208,1414,2020-08-23
2881,4,ORURO,40102,CARACOLLO,35,25,9,10,6,2020-08-23
2882,4,ORURO,40104,SORACACHI,35,2,1,1,0,2020-08-23
2883,4,ORURO,40201,CHALLAPATA,35,122,113,3,6,2020-08-23
2884,4,ORURO,40202,SANTUARIO DE QUILLACAS,35,17,9,0,8,2020-08-23
2885,4,ORURO,40401,CURAHUARA DE CARANGAS,35,1,0,0,1,2020-08-23
2886,4,ORURO,40402,TURCO,35,3,2,0,1,2020-08-23
2887,4,ORURO,40501,HUACHACALLA,35,32,4,4,24,2020-08-23
2888,4,ORURO,40502,ESCARA,35,5,5,0,0,2020-08-23
2889,4,ORURO,40505,ESMERALDA,35,7,7,0,0,2020-08-23
2890,4,ORURO,40601,POOPO,35,19,9,1,9,2020-08-23
2891,4,ORURO,40603,ANTEQUERA,35,8,1,0,7,2020-08-23
2892,4,ORURO,40701,HUANUNI,35,484,106,25,353,2020-08-23
2893,4,ORURO,40702,MACHACAMARCA,35,18,7,1,10,2020-08-23
2894,4,ORURO,40801,SALINAS DE GARCI MENDOZA,35,12,9,0,3,2020-08-23
2895,4,ORURO,40802,PAMPA AULLAGAS,35,1,1,0,0,2020-08-23
2896,4,ORURO,40901,SABAYA,35,34,30,1,3,2020-08-23
2897,4,ORURO,40902,COIPASA,35,1,0,0,1,2020-08-23
2898,4,ORURO,41001,TOLEDO,35,11,8,2,1,2020-08-23
2899,4,ORURO,41101,EUCALIPTUS,35,41,5,4,32,2020-08-23
2900,4,ORURO,41201,ANDAMARCA,35,3,3,0,0,2020-08-23
2901,4,ORURO,41301,TOTORA(ORR),35,5,5,0,0,2020-08-23
2902,4,ORURO,41401,SANTIAGO DE HUARI,35,13,8,4,1,2020-08-23
2903,4,ORURO,41601,HUAYLLAMARCA,35,6,3,2,1,2020-08-23
2904,5,POTOSI,50101,POTOSI,35,3047,2593,118,336,2020-08-23
2905,5,POTOSI,50102,TINGUIPAYA,35,7,0,0,7,2020-08-23
2906,5,POTOSI,50103,YOCALLA,35,2,1,1,0,2020-08-23
2907,5,POTOSI,50104,BELEN DE URMIRI,35,5,5,0,0,2020-08-23
2908,5,POTOSI,50201,UNCIA,35,241,179,0,62,2020-08-23
2909,5,POTOSI,50202,CHAYANTA,35,36,12,1,23,2020-08-23
2910,5,POTOSI,50203,LLALLAGUA,35,766,564,17,185,2020-08-23
2911,5,POTOSI,50204,CHUQUIHUTA AYLLU JUCUMANI,35,13,12,1,0,2020-08-23
2912,5,POTOSI,50301,BETANZOS,35,102,39,4,59,2020-08-23
2913,5,POTOSI,50302,CHAQUI,35,2,2,0,0,2020-08-23
2914,5,POTOSI,50303,TACOBAMBA,35,21,21,0,0,2020-08-23
2915,5,POTOSI,50401,COLQUECHACA,35,29,21,1,7,2020-08-23
2916,5,POTOSI,50402,RAVELO,35,32,19,1,12,2020-08-23
2917,5,POTOSI,50403,POCOATA,35,36,19,5,12,2020-08-23
2918,5,POTOSI,50404,OCURI,35,43,29,1,13,2020-08-23
2919,5,POTOSI,50501,SAN PEDRO DE BUENA VISTA,35,11,4,1,6,2020-08-23
2920,5,POTOSI,50502,TORO TORO,35,35,34,1,0,2020-08-23
2921,5,POTOSI,50601,COTAGAITA,35,17,16,1,0,2020-08-23
2922,5,POTOSI,50602,VITICHI,35,47,44,0,3,2020-08-23
2923,5,POTOSI,50701,SACACA,35,8,5,3,0,2020-08-23
2924,5,POTOSI,50702,CARIPUYO,35,4,4,0,0,2020-08-23
2925,5,POTOSI,50801,TUPIZA,35,109,99,9,1,2020-08-23
2926,5,POTOSI,50802,ATOCHA,35,85,65,2,18,2020-08-23
2927,5,POTOSI,50901,"COLCHA ""K""",35,96,42,2,52,2020-08-23
2928,5,POTOSI,51101,PUNA,35,49,38,2,9,2020-08-23
2929,5,POTOSI,51102,"CAIZA ""D""",35,59,40,1,18,2020-08-23
2930,5,POTOSI,51103,CKOCHAS,35,9,9,0,0,2020-08-23
2931,5,POTOSI,51201,UYUNI,35,77,49,14,14,2020-08-23
2932,5,POTOSI,51202,TOMAVE,35,31,26,0,5,2020-08-23
2933,5,POTOSI,51203,PORCO,35,9,8,1,0,2020-08-23
2934,5,POTOSI,51301,ARAMPAMPA,35,4,4,0,0,2020-08-23
2935,5,POTOSI,51302,ACACIO,35,4,4,0,0,2020-08-23
2936,5,POTOSI,51401,LLICA,35,8,7,1,0,2020-08-23
2937,5,POTOSI,51402,TAHUA,35,11,11,0,0,2020-08-23
2938,5,POTOSI,51501,VILLAZON,35,413,367,7,39,2020-08-23
2939,5,POTOSI,51601,SAN AGUSTIN,35,4,4,0,0,2020-08-23
2940,6,TARIJA,60101,TARIJA,35,4778,2710,122,1946,2020-08-23
2941,6,TARIJA,60201,PADCAYA,35,106,52,0,54,2020-08-23
2942,6,TARIJA,60202,BERMEJO,35,227,157,4,66,2020-08-23
2943,6,TARIJA,60301,YACUIBA,35,1366,1138,49,179,2020-08-23
2944,6,TARIJA,60302,CARAPARI,35,186,67,1,118,2020-08-23
2945,6,TARIJA,60303,VILLA MONTES,35,357,186,8,163,2020-08-23
2946,6,TARIJA,60401,URIONDO (A. CONCEPCION),35,147,75,1,71,2020-08-23
2947,6,TARIJA,60402,YUNCHARA,35,24,17,0,7,2020-08-23
2948,6,TARIJA,60501,SAN LORENZO(TJA),35,378,190,4,184,2020-08-23
2949,6,TARIJA,60502,EL PUENTE(TJA),35,63,34,2,27,2020-08-23
2950,6,TARIJA,60601,ENTRE RIOS TRJ,35,109,48,2,59,2020-08-23
2951,7,SANTA CRUZ,70101,SANTA CRUZ,35,26308,3782,1390,21136,2020-08-23
2952,7,SANTA CRUZ,70102,COTOCA,35,1175,640,14,521,2020-08-23
2953,7,SANTA CRUZ,70103,PORONGO,35,188,66,1,121,2020-08-23
2954,7,SANTA CRUZ,70104,LA GUARDIA,35,1347,475,7,865,2020-08-23
2955,7,SANTA CRUZ,70105,EL TORNO,35,1003,433,31,539,2020-08-23
2956,7,SANTA CRUZ,70201,WARNES,35,808,229,13,566,2020-08-23
2957,7,SANTA CRUZ,70202,OKINAWA UNO,35,121,28,5,88,2020-08-23
2958,7,SANTA CRUZ,70301,SAN IGNACIO DE VELASCO,35,331,64,47,220,2020-08-23
2959,7,SANTA CRUZ,70401,BUENA VISTA,35,108,39,0,69,2020-08-23
2960,7,SANTA CRUZ,70402,SAN CARLOS,35,274,84,0,190,2020-08-23
2961,7,SANTA CRUZ,70403,YAPACANI,35,718,186,0,532,2020-08-23
2962,7,SANTA CRUZ,70404,SAN JUAN DE YAPACANI,35,153,42,0,111,2020-08-23
2963,7,SANTA CRUZ,70501,SAN JOSÉ DE CHIQUITOS,35,244,19,18,207,2020-08-23
2964,7,SANTA CRUZ,70502,PAILON,35,395,99,9,287,2020-08-23
2965,7,SANTA CRUZ,70503,ROBORÉ,35,263,98,7,158,2020-08-23
2966,7,SANTA CRUZ,70601,PORTACHUELO,35,260,15,4,241,2020-08-23
2967,7,SANTA CRUZ,70602,SANTA ROSA DEL SARA,35,179,21,0,158,2020-08-23
2968,7,SANTA CRUZ,70603,COLPA BÉLGICA,35,140,0,8,132,2020-08-23
2969,7,SANTA CRUZ,70701,LAGUNILLAS,35,4,0,0,4,2020-08-23
2970,7,SANTA CRUZ,70703,CABEZAS,35,55,23,1,31,2020-08-23
2971,7,SANTA CRUZ,70706,CAMIRI,35,439,326,3,110,2020-08-23
2972,7,SANTA CRUZ,70801,VALLE GRANDE,35,89,29,5,55,2020-08-23
2973,7,SANTA CRUZ,70802,TRIGAL,35,12,3,0,9,2020-08-23
2974,7,SANTA CRUZ,70803,MORO MORO,35,30,7,1,22,2020-08-23
2975,7,SANTA CRUZ,70901,SAMAIPATA,35,34,6,2,26,2020-08-23
2976,7,SANTA CRUZ,70902,PAMPA GRANDE,35,63,31,4,28,2020-08-23
2977,7,SANTA CRUZ,70903,MAIRANA,35,104,38,4,62,2020-08-23
2978,7,SANTA CRUZ,71001,MONTERO,35,2929,156,152,2621,2020-08-23
2979,7,SANTA CRUZ,71002,GRAL. SAAVEDRA,35,72,0,2,70,2020-08-23
2980,7,SANTA CRUZ,71003,MINEROS,35,135,0,11,124,2020-08-23
2981,7,SANTA CRUZ,71004,FERNÁNDEZ ALONSO,35,208,48,2,158,2020-08-23
2982,7,SANTA CRUZ,71005,SAN PEDRO,35,374,76,1,297,2020-08-23
2983,7,SANTA CRUZ,71101,CONCEPCIÓN,35,280,123,7,150,2020-08-23
2984,7,SANTA CRUZ,71102,SAN JAVIER,35,85,26,3,56,2020-08-23
2985,7,SANTA CRUZ,71104,SAN JULIÁN,35,231,46,12,173,2020-08-23
2986,7,SANTA CRUZ,71106,CUATRO CAÑADAS,35,153,22,7,124,2020-08-23
2987,7,SANTA CRUZ,71401,PUERTO SUAREZ,35,81,7,0,74,2020-08-23
2988,7,SANTA CRUZ,71402,PUERTO QUIJARRO,35,229,70,0,159,2020-08-23
2989,7,SANTA CRUZ,71105,SAN ANTONIO DE LOMERÍO,35,38,3,1,34,2020-08-23
2990,7,SANTA CRUZ,71503,EL PUENTE (SCZ),35,58,27,4,27,2020-08-23
2991,7,SANTA CRUZ,71301,COMARAPA,35,76,30,0,46,2020-08-23
2992,7,SANTA CRUZ,70702,CHARAGUA,35,15,9,1,5,2020-08-23
2993,7,SANTA CRUZ,70904,QUIRUSILLAS,35,13,11,1,1,2020-08-23
2994,7,SANTA CRUZ,71501,ASCENCIÓN DE GUARAYOS,35,78,0,16,62,2020-08-23
2995,7,SANTA CRUZ,71201,SAN MATIAS,35,38,6,0,32,2020-08-23
2996,7,SANTA CRUZ,71502,URUBICHA,35,40,12,2,26,2020-08-23
2997,7,SANTA CRUZ,70707,BOYUIBE,35,18,18,0,0,2020-08-23
2998,7,SANTA CRUZ,70705,GUTIERREZ,35,16,13,1,2,2020-08-23
2999,7,SANTA CRUZ,71403,CARMEN RIVERO TORREZ,35,34,11,0,23,2020-08-23
3000,7,SANTA CRUZ,71302,SAIPINA,35,25,11,0,14,2020-08-23
3001,7,SANTA CRUZ,70302,SAN MIGUEL DE VELASCO,35,24,1,2,21,2020-08-23
3002,7,SANTA CRUZ,70303,SAN RAFAEL,35,30,3,0,27,2020-08-23
3003,7,SANTA CRUZ,71103,SAN RAMON,35,145,94,0,51,2020-08-23
3004,8,BENI,80101,TRINIDAD,35,3860,3236,205,419,2020-08-23
3005,8,BENI,80102,SAN JAVIER(BNI),35,13,13,0,0,2020-08-23
3006,8,BENI,80201,RIBERALTA,35,684,572,63,49,2020-08-23
3007,8,BENI,80202,GUAYARAMERIN,35,470,428,29,13,2020-08-23
3008,8,BENI,80301,REYES,35,74,70,4,0,2020-08-23
3009,8,BENI,80302,SAN BORJA,35,317,281,8,28,2020-08-23
3010,8,BENI,80303,SANTA ROSA,35,34,32,0,2,2020-08-23
3011,8,BENI,80304,RURRENABAQUE,35,341,278,3,60,2020-08-23
3012,8,BENI,80401,SANTA ANA,35,264,37,6,221,2020-08-23
3013,8,BENI,80402,EXALTACION,35,42,34,0,8,2020-08-23
3014,8,BENI,80501,SAN IGNACIO,35,97,36,4,57,2020-08-23
3015,8,BENI,80601,LORETO,35,54,53,1,0,2020-08-23
3016,8,BENI,80602,SAN ANDRES,35,98,98,0,0,2020-08-23
3017,8,BENI,80701,SAN JOAQUIN,35,138,7,6,125,2020-08-23
3018,8,BENI,80702,SAN RAMON BENI,35,96,2,3,91,2020-08-23
3019,8,BENI,80703,PUERTO SILES,35,2,2,0,0,2020-08-23
3020,9,PANDO,90101,COBIJA,35,1765,1430,143,192,2020-08-23
3021,9,PANDO,90102,PORVENIR,35,37,36,1,0,2020-08-23
3022,9,PANDO,90103,BOLPEBRA,35,45,8,0,37,2020-08-23
3023,9,PANDO,90201,PUERTO RICO,35,142,130,1,11,2020-08-23
3024,9,PANDO,90202,SAN PEDRO(PND),35,11,11,0,0,2020-08-23
3025,9,PANDO,90203,FILADELFIA,35,22,7,1,14,2020-08-23
3026,9,PANDO,90301,PUERTO GONZALO MORENO,35,49,49,0,0,2020-08-23
3027,9,PANDO,90302,SAN LORENZO(PND),35,94,89,0,5,2020-08-23
3028,9,PANDO,90303,SENA,35,50,18,0,32,2020-08-23
3029,9,PANDO,90401,NACEBE (SANTA ROSA DEL ABUNA),35,13,8,1,4,2020-08-23
3030,9,PANDO,90502,VILLA NUEVA (LOMA ALTA),35,8,2,0,6,2020-08-23
3031,9,PANDO,90503,EUREKA (SANTOS MERCADO),35,7,7,0,0,2020-08-23
3032,9,PANDO,90104,BELLA FLOR,35,72,46,0,26,2020-08-23
3033,1,CHUQUISACA,10101,SUCRE,36,4744,2553,396,1795,2020-08-30
3034,1,CHUQUISACA,10102,YOTALA,36,71,43,1,27,2020-08-30
3035,1,CHUQUISACA,10103,POROMA,36,15,9,0,6,2020-08-30
3036,1,CHUQUISACA,10201,AZURDUY,36,22,15,0,7,2020-08-30
3037,1,CHUQUISACA,10202,TARVITA,36,34,27,0,7,2020-08-30
3038,1,CHUQUISACA,10301,ZUDAÑEZ,36,23,7,0,16,2020-08-30
3039,1,CHUQUISACA,10302,PRESTO,36,44,33,1,10,2020-08-30
3040,1,CHUQUISACA,10303,MOJOCOYA,36,20,12,1,7,2020-08-30
3041,1,CHUQUISACA,10304,ICLA,36,14,3,0,11,2020-08-30
3042,1,CHUQUISACA,10401,PADILLA,36,16,0,0,16,2020-08-30
3043,1,CHUQUISACA,10402,TOMINA,36,18,2,0,16,2020-08-30
3044,1,CHUQUISACA,10403,SOPACHUY,36,5,2,0,3,2020-08-30
3045,1,CHUQUISACA,10404,ALCALA,36,10,1,0,9,2020-08-30
3046,1,CHUQUISACA,10405,EL VILLAR,36,2,0,0,2,2020-08-30
3047,1,CHUQUISACA,10501,MONTEAGUDO,36,81,20,0,61,2020-08-30
3048,1,CHUQUISACA,10601,TARABUCO,36,38,24,2,12,2020-08-30
3049,1,CHUQUISACA,10602,YAMPARAEZ,36,49,26,2,21,2020-08-30
3050,1,CHUQUISACA,10701,CAMARGO,36,76,28,6,42,2020-08-30
3051,1,CHUQUISACA,10702,SAN LUCAS,36,84,27,8,49,2020-08-30
3052,1,CHUQUISACA,10703,INCAHUASI,36,33,13,0,20,2020-08-30
3053,1,CHUQUISACA,10704,VILLA CHARCAS,36,36,21,2,13,2020-08-30
3054,1,CHUQUISACA,10801,VILLA SERRANO,36,10,0,0,10,2020-08-30
3055,1,CHUQUISACA,10901,CAMATAQUI (C. VILLA ABECIA),36,4,1,0,3,2020-08-30
3056,1,CHUQUISACA,10902,CULPINA,36,39,8,3,28,2020-08-30
3057,1,CHUQUISACA,10903,LAS CARRERAS,36,11,0,0,11,2020-08-30
3058,1,CHUQUISACA,11001,VILLA VACA GUZMAN (MUYUPAMPA),36,43,7,0,36,2020-08-30
3059,1,CHUQUISACA,11003,MACHARETI,36,4,0,0,4,2020-08-30
3060,2,LA PAZ,20101,LA PAZ,36,21609,10608,558,10443,2020-08-30
3061,2,LA PAZ,20102,PALCA,36,4,4,0,0,2020-08-30
3062,2,LA PAZ,20103,MECAPACA,36,21,7,2,12,2020-08-30
3063,2,LA PAZ,20104,ACHOCALLA,36,54,32,2,20,2020-08-30
3064,2,LA PAZ,20105,EL ALTO,36,8602,4074,255,4273,2020-08-30
3065,2,LA PAZ,20201,ACHACACHI,36,33,18,5,10,2020-08-30
3066,2,LA PAZ,20202,ANCORAIMES,36,3,1,0,2,2020-08-30
3067,2,LA PAZ,20203,CHUA COCANI,36,2,1,0,1,2020-08-30
3068,2,LA PAZ,20205,SANTIAGO DE HUATA,36,2,1,0,1,2020-08-30
3069,2,LA PAZ,20206,HUATAJATA,36,2,0,0,2,2020-08-30
3070,2,LA PAZ,20301,CORO CORO,36,22,14,1,7,2020-08-30
3071,2,LA PAZ,20302,CAQUIAVIRI,36,1,1,0,0,2020-08-30
3072,2,LA PAZ,20303,CALACOTO,36,4,4,0,0,2020-08-30
3073,2,LA PAZ,20304,COMANCHE,36,2,2,0,0,2020-08-30
3074,2,LA PAZ,20305,CHARAÑA,36,14,14,0,0,2020-08-30
3075,2,LA PAZ,20306,WALDO BALLIVIAN,36,3,3,0,0,2020-08-30
3076,2,LA PAZ,20401,PUERTO ACOSTA,36,3,3,0,0,2020-08-30
3077,2,LA PAZ,20402,MOCOMOCO,36,2,2,0,0,2020-08-30
3078,2,LA PAZ,20403,PUERTO CARABUCO,36,1,0,0,1,2020-08-30
3079,2,LA PAZ,20405,ESCOMA,36,4,0,1,3,2020-08-30
3080,2,LA PAZ,20501,CHUMA,36,2,1,0,1,2020-08-30
3081,2,LA PAZ,20502,AYATA,36,2,1,0,1,2020-08-30
3082,2,LA PAZ,20601,SORATA,36,14,12,0,2,2020-08-30
3083,2,LA PAZ,20602,GUANAY,36,21,20,0,1,2020-08-30
3084,2,LA PAZ,20603,TACACOMA,36,1,0,0,1,2020-08-30
3085,2,LA PAZ,20606,TIPUANI,36,1,0,0,1,2020-08-30
3086,2,LA PAZ,20607,MAPIRI,36,2,0,1,1,2020-08-30
3087,2,LA PAZ,20608,TEOPONTE,36,7,0,0,7,2020-08-30
3088,2,LA PAZ,20701,APOLO,36,2,2,0,0,2020-08-30
3089,2,LA PAZ,20702,PELECHUCO,36,2,2,0,0,2020-08-30
3090,2,LA PAZ,20801,VIACHA,36,586,288,10,288,2020-08-30
3091,2,LA PAZ,20802,GUAQUI,36,3,2,0,1,2020-08-30
3092,2,LA PAZ,20803,TIAWANACU,36,12,10,0,2,2020-08-30
3093,2,LA PAZ,20804,DESAGUADERO,36,3,3,0,0,2020-08-30
3094,2,LA PAZ,20806,JESUS DE MACHACA,36,3,3,0,0,2020-08-30
3095,2,LA PAZ,20901,LURIBAY,36,1,1,0,0,2020-08-30
3096,2,LA PAZ,20902,SAPAHAQUI,36,7,2,0,5,2020-08-30
3097,2,LA PAZ,20903,YACO,36,4,4,0,0,2020-08-30
3098,2,LA PAZ,20904,MALLA,36,6,0,0,6,2020-08-30
3099,2,LA PAZ,20905,CAIROMA,36,16,0,0,16,2020-08-30
3100,2,LA PAZ,21001,INQUISIVI,36,8,7,0,1,2020-08-30
3101,2,LA PAZ,21002,QUIME,36,13,10,1,2,2020-08-30
3102,2,LA PAZ,21003,CAJUATA,36,2,0,1,1,2020-08-30
3103,2,LA PAZ,21004,COLQUIRI,36,69,7,7,55,2020-08-30
3104,2,LA PAZ,21005,ICHOCA,36,1,0,0,1,2020-08-30
3105,2,LA PAZ,21006,LICOMA PAMPA,36,1,1,0,0,2020-08-30
3106,2,LA PAZ,21101,CHULUMANI (V. DE LA LIBERTAD),36,25,8,4,13,2020-08-30
3107,2,LA PAZ,21102,IRUPANA (VILLA DE LANZA),36,46,30,2,14,2020-08-30
3108,2,LA PAZ,21103,YANACACHI,36,9,0,0,9,2020-08-30
3109,2,LA PAZ,21104,PALOS BLANCOS,36,33,9,3,21,2020-08-30
3110,2,LA PAZ,21105,LA ASUNTA,36,10,6,1,3,2020-08-30
3111,2,LA PAZ,21201,PUCARANI,36,20,9,1,10,2020-08-30
3112,2,LA PAZ,21202,LAJA,36,40,25,5,10,2020-08-30
3113,2,LA PAZ,21203,BATALLAS,36,53,35,2,16,2020-08-30
3114,2,LA PAZ,21204,PUERTO PEREZ,36,2,2,0,0,2020-08-30
3115,2,LA PAZ,21301,SICA SICA (VILLA AROMA),36,12,3,3,6,2020-08-30
3116,2,LA PAZ,21302,UMALA,36,15,1,3,11,2020-08-30
3117,2,LA PAZ,21304,CALAMARCA,36,8,6,0,2,2020-08-30
3118,2,LA PAZ,21305,PATACAMAYA,36,66,6,7,53,2020-08-30
3119,2,LA PAZ,21306,COLQUENCHA,36,5,5,0,0,2020-08-30
3120,2,LA PAZ,21307,COLLANA,36,1,0,0,1,2020-08-30
3121,2,LA PAZ,21401,COROICO,36,25,4,1,20,2020-08-30
3122,2,LA PAZ,21402,CORIPATA,36,35,4,5,26,2020-08-30
3123,2,LA PAZ,21502,SAN BUENA VENTURA,36,24,13,1,10,2020-08-30
3124,2,LA PAZ,21601,GRAL. J.J. PEREZ (CHARAZANI),36,1,1,0,0,2020-08-30
3125,2,LA PAZ,21701,COPACABANA,36,34,27,0,7,2020-08-30
3126,2,LA PAZ,21702,SAN PEDRO DE TIQUINA,36,6,6,0,0,2020-08-30
3127,2,LA PAZ,21703,TITO YUPANQUI (PARQUIPUJIO),36,1,1,0,0,2020-08-30
3128,2,LA PAZ,21802,PAPEL PAMPA,36,1,0,0,1,2020-08-30
3129,2,LA PAZ,21803,CHACARILLA,36,5,5,0,0,2020-08-30
3130,2,LA PAZ,21901,SANTIAGO DE MACHACA,36,4,4,0,0,2020-08-30
3131,2,LA PAZ,22001,CARANAVI,36,64,8,4,52,2020-08-30
3132,2,LA PAZ,22002,ALTO BENI,36,3,0,1,2,2020-08-30
3133,3,COCHABAMBA,30101,COCHABAMBA,36,7449,1170,569,5710,2020-08-30
3134,3,COCHABAMBA,30201,AIQUILE,36,40,6,6,28,2020-08-30
3135,3,COCHABAMBA,30202,PASORAPA,36,1,1,0,0,2020-08-30
3136,3,COCHABAMBA,30203,OMEREQUE,36,15,1,1,13,2020-08-30
3137,3,COCHABAMBA,30301,AYOPAYA (V. DE INDEPENDENCIA),36,24,21,2,1,2020-08-30
3138,3,COCHABAMBA,30302,MOROCHATA,36,1,1,0,0,2020-08-30
3139,3,COCHABAMBA,30303,COCAPATA,36,2,0,1,1,2020-08-30
3140,3,COCHABAMBA,30401,TARATA,36,39,6,9,24,2020-08-30
3141,3,COCHABAMBA,30402,ANZALDO,36,16,13,0,3,2020-08-30
3142,3,COCHABAMBA,30403,ARBIETO,36,17,2,4,11,2020-08-30
3143,3,COCHABAMBA,30404,SACABAMBA,36,1,1,0,0,2020-08-30
3144,3,COCHABAMBA,30501,ARANI,36,29,19,2,8,2020-08-30
3145,3,COCHABAMBA,30502,VACAS,36,9,3,0,6,2020-08-30
3146,3,COCHABAMBA,30601,ARQUE,36,4,1,2,1,2020-08-30
3147,3,COCHABAMBA,30602,TACOPAYA,36,3,3,0,0,2020-08-30
3148,3,COCHABAMBA,30701,CAPINOTA,36,92,59,6,27,2020-08-30
3149,3,COCHABAMBA,30702,SANTIVAÑES,36,29,3,1,25,2020-08-30
3150,3,COCHABAMBA,30703,SICAYA,36,8,3,0,5,2020-08-30
3151,3,COCHABAMBA,30801,CLIZA,36,33,7,4,22,2020-08-30
3152,3,COCHABAMBA,30802,TOCO,36,7,3,2,2,2020-08-30
3153,3,COCHABAMBA,30803,TOLATA,36,28,20,4,4,2020-08-30
3154,3,COCHABAMBA,30901,QUILLACOLLO,36,1098,462,73,563,2020-08-30
3155,3,COCHABAMBA,30902,SIPE SIPE,36,224,103,11,110,2020-08-30
3156,3,COCHABAMBA,30903,TIQUIPAYA,36,244,98,17,129,2020-08-30
3157,3,COCHABAMBA,30904,VINTO,36,245,43,27,175,2020-08-30
3158,3,COCHABAMBA,30905,COLCAPIRHUA,36,189,77,24,88,2020-08-30
3159,3,COCHABAMBA,31001,SACABA,36,835,346,69,420,2020-08-30
3160,3,COCHABAMBA,31002,COLOMI,36,39,20,3,16,2020-08-30
3161,3,COCHABAMBA,31003,VILLA TUNARI,36,155,15,12,128,2020-08-30
3162,3,COCHABAMBA,31101,TAPACARI,36,17,7,2,8,2020-08-30
3163,3,COCHABAMBA,31201,TOTORA(CBBA),36,49,22,1,26,2020-08-30
3164,3,COCHABAMBA,31202,POJO (CBBA),36,14,11,0,3,2020-08-30
3165,3,COCHABAMBA,31203,POCONA,36,16,1,1,14,2020-08-30
3166,3,COCHABAMBA,31204,CHIMORE,36,160,7,11,142,2020-08-30
3167,3,COCHABAMBA,31205,PUERTO VILLARROEL,36,473,80,32,361,2020-08-30
3168,3,COCHABAMBA,31206,ENTRE RIOS CBBA,36,430,50,38,342,2020-08-30
3169,3,COCHABAMBA,31301,MIZQUE,36,78,25,3,50,2020-08-30
3170,3,COCHABAMBA,31302,VILA VILA,36,2,0,0,2,2020-08-30
3171,3,COCHABAMBA,31401,PUNATA,36,124,5,23,96,2020-08-30
3172,3,COCHABAMBA,31402,VILLA RIVERO,36,8,6,0,2,2020-08-30
3173,3,COCHABAMBA,31403,SAN BENITO,36,89,15,2,72,2020-08-30
3174,3,COCHABAMBA,31404,TACACHI,36,1,0,1,0,2020-08-30
3175,3,COCHABAMBA,31501,BOLIVAR,36,6,0,0,6,2020-08-30
3176,3,COCHABAMBA,31601,TIRAQUE (CBBA),36,12,2,4,6,2020-08-30
3177,3,COCHABAMBA,31602,SHINAOTA,36,260,82,8,170,2020-08-30
3178,4,ORURO,40101,ORURO,36,4239,2503,211,1525,2020-08-30
3179,4,ORURO,40102,CARACOLLO,36,30,14,10,6,2020-08-30
3180,4,ORURO,40104,SORACACHI,36,2,1,1,0,2020-08-30
3181,4,ORURO,40201,CHALLAPATA,36,129,116,3,10,2020-08-30
3182,4,ORURO,40202,SANTUARIO DE QUILLACAS,36,18,10,0,8,2020-08-30
3183,4,ORURO,40401,CURAHUARA DE CARANGAS,36,1,0,0,1,2020-08-30
3184,4,ORURO,40402,TURCO,36,3,2,0,1,2020-08-30
3185,4,ORURO,40501,HUACHACALLA,36,33,4,5,24,2020-08-30
3186,4,ORURO,40502,ESCARA,36,5,5,0,0,2020-08-30
3187,4,ORURO,40504,YUNGUYO DE LITORAL,36,1,1,0,0,2020-08-30
3188,4,ORURO,40505,ESMERALDA,36,7,1,0,6,2020-08-30
3189,4,ORURO,40601,POOPO,36,20,9,1,10,2020-08-30
3190,4,ORURO,40602,PAZÑA,36,3,3,0,0,2020-08-30
3191,4,ORURO,40603,ANTEQUERA,36,8,1,0,7,2020-08-30
3192,4,ORURO,40701,HUANUNI,36,495,109,25,361,2020-08-30
3193,4,ORURO,40702,MACHACAMARCA,36,23,12,1,10,2020-08-30
3194,4,ORURO,40801,SALINAS DE GARCI MENDOZA,36,12,9,0,3,2020-08-30
3195,4,ORURO,40802,PAMPA AULLAGAS,36,1,1,0,0,2020-08-30
3196,4,ORURO,40901,SABAYA,36,34,30,1,3,2020-08-30
3197,4,ORURO,40902,COIPASA,36,1,0,0,1,2020-08-30
3198,4,ORURO,41001,TOLEDO,36,11,8,2,1,2020-08-30
3199,4,ORURO,41101,EUCALIPTUS,36,41,5,4,32,2020-08-30
3200,4,ORURO,41201,ANDAMARCA,36,4,4,0,0,2020-08-30
3201,4,ORURO,41301,TOTORA(ORR),36,5,5,0,0,2020-08-30
3202,4,ORURO,41401,SANTIAGO DE HUARI,36,14,4,5,5,2020-08-30
3203,4,ORURO,41501,LA RIVERA,36,2,2,0,0,2020-08-30
3204,4,ORURO,41601,HUAYLLAMARCA,36,6,3,2,1,2020-08-30
3205,5,POTOSI,50101,POTOSI,36,3258,2503,119,636,2020-08-30
3206,5,POTOSI,50102,TINGUIPAYA,36,17,10,0,7,2020-08-30
3207,5,POTOSI,50103,YOCALLA,36,2,1,1,0,2020-08-30
3208,5,POTOSI,50104,BELEN DE URMIRI,36,5,5,0,0,2020-08-30
3209,5,POTOSI,50201,UNCIA,36,272,203,0,69,2020-08-30
3210,5,POTOSI,50202,CHAYANTA,36,36,12,1,23,2020-08-30
3211,5,POTOSI,50203,LLALLAGUA,36,790,588,17,185,2020-08-30
3212,5,POTOSI,50204,CHUQUIHUTA AYLLU JUCUMANI,36,17,16,1,0,2020-08-30
3213,5,POTOSI,50301,BETANZOS,36,102,38,5,59,2020-08-30
3214,5,POTOSI,50302,CHAQUI,36,2,2,0,0,2020-08-30
3215,5,POTOSI,50303,TACOBAMBA,36,26,26,0,0,2020-08-30
3216,5,POTOSI,50401,COLQUECHACA,36,34,26,1,7,2020-08-30
3217,5,POTOSI,50402,RAVELO,36,32,18,1,13,2020-08-30
3218,5,POTOSI,50403,POCOATA,36,38,18,6,14,2020-08-30
3219,5,POTOSI,50404,OCURI,36,46,32,1,13,2020-08-30
3220,5,POTOSI,50501,SAN PEDRO DE BUENA VISTA,36,12,4,1,7,2020-08-30
3221,5,POTOSI,50502,TORO TORO,36,35,34,1,0,2020-08-30
3222,5,POTOSI,50601,COTAGAITA,36,60,59,1,0,2020-08-30
3223,5,POTOSI,50602,VITICHI,36,87,84,0,3,2020-08-30
3224,5,POTOSI,50701,SACACA,36,9,6,3,0,2020-08-30
3225,5,POTOSI,50702,CARIPUYO,36,4,4,0,0,2020-08-30
3226,5,POTOSI,50801,TUPIZA,36,129,111,10,8,2020-08-30
3227,5,POTOSI,50802,ATOCHA,36,85,59,4,22,2020-08-30
3228,5,POTOSI,50901,"COLCHA ""K""",36,99,24,2,73,2020-08-30
3229,5,POTOSI,50902,SAN PEDRO DE QUEMES,36,4,4,0,0,2020-08-30
3230,5,POTOSI,51001,SAN PABLO DE LIPEZ,36,5,5,0,0,2020-08-30
3231,5,POTOSI,51101,PUNA,36,53,36,2,15,2020-08-30
3232,5,POTOSI,51102,"CAIZA ""D""",36,63,29,1,33,2020-08-30
3233,5,POTOSI,51103,CKOCHAS,36,10,10,0,0,2020-08-30
3234,5,POTOSI,51201,UYUNI,36,170,133,14,23,2020-08-30
3235,5,POTOSI,51202,TOMAVE,36,38,32,0,6,2020-08-30
3236,5,POTOSI,51203,PORCO,36,15,14,1,0,2020-08-30
3237,5,POTOSI,51301,ARAMPAMPA,36,4,4,0,0,2020-08-30
3238,5,POTOSI,51302,ACACIO,36,9,9,0,0,2020-08-30
3239,5,POTOSI,51401,LLICA,36,18,17,1,0,2020-08-30
3240,5,POTOSI,51402,TAHUA,36,17,14,0,3,2020-08-30
3241,5,POTOSI,51501,VILLAZON,36,496,431,7,58,2020-08-30
3242,5,POTOSI,51601,SAN AGUSTIN,36,8,7,0,1,2020-08-30
3243,6,TARIJA,60101,TARIJA,36,5422,2024,133,3265,2020-08-30
3244,6,TARIJA,60201,PADCAYA,36,155,97,0,58,2020-08-30
3245,6,TARIJA,60202,BERMEJO,36,322,246,7,69,2020-08-30
3246,6,TARIJA,60301,YACUIBA,36,1410,1111,58,241,2020-08-30
3247,6,TARIJA,60302,CARAPARI,36,208,64,1,143,2020-08-30
3248,6,TARIJA,60303,VILLA MONTES,36,413,205,10,198,2020-08-30
3249,6,TARIJA,60401,URIONDO (A. CONCEPCION),36,174,96,1,77,2020-08-30
3250,6,TARIJA,60402,YUNCHARA,36,25,18,0,7,2020-08-30
3251,6,TARIJA,60501,SAN LORENZO(TJA),36,526,318,4,204,2020-08-30
3252,6,TARIJA,60502,EL PUENTE(TJA),36,64,26,2,36,2020-08-30
3253,6,TARIJA,60601,ENTRE RIOS TRJ,36,161,97,2,62,2020-08-30
3254,7,SANTA CRUZ,70101,SANTA CRUZ,36,26810,1828,1474,23508,2020-08-30
3255,7,SANTA CRUZ,70102,COTOCA,36,1182,647,14,521,2020-08-30
3256,7,SANTA CRUZ,70103,PORONGO,36,197,65,1,131,2020-08-30
3257,7,SANTA CRUZ,70104,LA GUARDIA,36,1382,488,7,887,2020-08-30
3258,7,SANTA CRUZ,70105,EL TORNO,36,1039,436,31,572,2020-08-30
3259,7,SANTA CRUZ,70201,WARNES,36,820,223,13,584,2020-08-30
3260,7,SANTA CRUZ,70202,OKINAWA UNO,36,122,29,5,88,2020-08-30
3261,7,SANTA CRUZ,70301,SAN IGNACIO DE VELASCO,36,334,58,54,222,2020-08-30
3262,7,SANTA CRUZ,70401,BUENA VISTA,36,110,41,0,69,2020-08-30
3263,7,SANTA CRUZ,70402,SAN CARLOS,36,275,85,0,190,2020-08-30
3264,7,SANTA CRUZ,70403,YAPACANI,36,721,189,0,532,2020-08-30
3265,7,SANTA CRUZ,70404,SAN JUAN DE YAPACANI,36,153,42,0,111,2020-08-30
3266,7,SANTA CRUZ,70501,SAN JOSÉ DE CHIQUITOS,36,244,19,18,207,2020-08-30
3267,7,SANTA CRUZ,70502,PAILON,36,400,104,9,287,2020-08-30
3268,7,SANTA CRUZ,70503,ROBORÉ,36,271,106,7,158,2020-08-30
3269,7,SANTA CRUZ,70601,PORTACHUELO,36,261,16,4,241,2020-08-30
3270,7,SANTA CRUZ,70602,SANTA ROSA DEL SARA,36,181,23,0,158,2020-08-30
3271,7,SANTA CRUZ,70603,COLPA BÉLGICA,36,144,4,8,132,2020-08-30
3272,7,SANTA CRUZ,70701,LAGUNILLAS,36,16,12,0,4,2020-08-30
3273,7,SANTA CRUZ,70703,CABEZAS,36,55,23,1,31,2020-08-30
3274,7,SANTA CRUZ,70706,CAMIRI,36,505,387,8,110,2020-08-30
3275,7,SANTA CRUZ,70801,VALLE GRANDE,36,97,36,5,56,2020-08-30
3276,7,SANTA CRUZ,70802,TRIGAL,36,12,3,0,9,2020-08-30
3277,7,SANTA CRUZ,70803,MORO MORO,36,30,7,1,22,2020-08-30
3278,7,SANTA CRUZ,70901,SAMAIPATA,36,34,2,2,30,2020-08-30
3279,7,SANTA CRUZ,70902,PAMPA GRANDE,36,71,38,4,29,2020-08-30
3280,7,SANTA CRUZ,70903,MAIRANA,36,105,19,4,82,2020-08-30
3281,7,SANTA CRUZ,71001,MONTERO,36,2945,153,169,2623,2020-08-30
3282,7,SANTA CRUZ,71002,GRAL. SAAVEDRA,36,72,0,2,70,2020-08-30
3283,7,SANTA CRUZ,71003,MINEROS,36,135,0,11,124,2020-08-30
3284,7,SANTA CRUZ,71004,FERNÁNDEZ ALONSO,36,211,50,2,159,2020-08-30
3285,7,SANTA CRUZ,71005,SAN PEDRO,36,386,80,1,305,2020-08-30
3286,7,SANTA CRUZ,71101,CONCEPCIÓN,36,281,124,7,150,2020-08-30
3287,7,SANTA CRUZ,71102,SAN JAVIER,36,85,23,6,56,2020-08-30
3288,7,SANTA CRUZ,71104,SAN JULIÁN,36,239,0,12,227,2020-08-30
3289,7,SANTA CRUZ,71106,CUATRO CAÑADAS,36,158,22,12,124,2020-08-30
3290,7,SANTA CRUZ,71401,PUERTO SUAREZ,36,81,7,0,74,2020-08-30
3291,7,SANTA CRUZ,71402,PUERTO QUIJARRO,36,229,70,0,159,2020-08-30
3292,7,SANTA CRUZ,71105,SAN ANTONIO DE LOMERÍO,36,39,0,5,34,2020-08-30
3293,7,SANTA CRUZ,71503,EL PUENTE (SCZ),36,60,25,4,31,2020-08-30
3294,7,SANTA CRUZ,71301,COMARAPA,36,80,32,0,48,2020-08-30
3295,7,SANTA CRUZ,70702,CHARAGUA,36,24,18,1,5,2020-08-30
3296,7,SANTA CRUZ,70904,QUIRUSILLAS,36,13,10,1,2,2020-08-30
3297,7,SANTA CRUZ,71501,ASCENCIÓN DE GUARAYOS,36,82,0,20,62,2020-08-30
3298,7,SANTA CRUZ,71201,SAN MATIAS,36,38,6,0,32,2020-08-30
3299,7,SANTA CRUZ,71502,URUBICHA,36,44,15,2,27,2020-08-30
3300,7,SANTA CRUZ,70707,BOYUIBE,36,22,22,0,0,2020-08-30
3301,7,SANTA CRUZ,70705,GUTIERREZ,36,22,19,1,2,2020-08-30
3302,7,SANTA CRUZ,71403,CARMEN RIVERO TORREZ,36,39,16,0,23,2020-08-30
3303,7,SANTA CRUZ,71302,SAIPINA,36,25,11,0,14,2020-08-30
3304,7,SANTA CRUZ,70302,SAN MIGUEL DE VELASCO,36,27,4,2,21,2020-08-30
3305,7,SANTA CRUZ,70303,SAN RAFAEL,36,30,3,0,27,2020-08-30
3306,7,SANTA CRUZ,71103,SAN RAMON,36,147,81,6,60,2020-08-30
3307,8,BENI,80101,TRINIDAD,36,3925,3289,209,427,2020-08-30
3308,8,BENI,80102,SAN JAVIER(BNI),36,13,13,0,0,2020-08-30
3309,8,BENI,80201,RIBERALTA,36,685,573,63,49,2020-08-30
3310,8,BENI,80202,GUAYARAMERIN,36,483,439,29,15,2020-08-30
3311,8,BENI,80301,REYES,36,78,69,4,5,2020-08-30
3312,8,BENI,80302,SAN BORJA,36,347,302,8,37,2020-08-30
3313,8,BENI,80303,SANTA ROSA,36,96,93,1,2,2020-08-30
3314,8,BENI,80304,RURRENABAQUE,36,362,299,3,60,2020-08-30
3315,8,BENI,80401,SANTA ANA,36,267,40,6,221,2020-08-30
3316,8,BENI,80402,EXALTACION,36,42,34,0,8,2020-08-30
3317,8,BENI,80501,SAN IGNACIO,36,99,31,4,64,2020-08-30
3318,8,BENI,80601,LORETO,36,54,53,1,0,2020-08-30
3319,8,BENI,80602,SAN ANDRES,36,98,98,0,0,2020-08-30
3320,8,BENI,80701,SAN JOAQUIN,36,138,7,6,125,2020-08-30
3321,8,BENI,80702,SAN RAMON BENI,36,96,2,3,91,2020-08-30
3322,8,BENI,80703,PUERTO SILES,36,2,2,0,0,2020-08-30
3323,9,PANDO,90101,COBIJA,36,1690,1340,148,202,2020-08-30
3324,9,PANDO,90102,PORVENIR,36,37,35,2,0,2020-08-30
3325,9,PANDO,90103,BOLPEBRA,36,46,7,0,39,2020-08-30
3326,9,PANDO,90201,PUERTO RICO,36,145,132,1,12,2020-08-30
3327,9,PANDO,90202,SAN PEDRO(PND),36,16,16,0,0,2020-08-30
3328,9,PANDO,90203,FILADELFIA,36,17,2,1,14,2020-08-30
3329,9,PANDO,90301,PUERTO GONZALO MORENO,36,115,115,0,0,2020-08-30
3330,9,PANDO,90302,SAN LORENZO(PND),36,125,77,0,48,2020-08-30
3331,9,PANDO,90303,SENA,36,50,18,0,32,2020-08-30
3332,9,PANDO,90401,NACEBE (SANTA ROSA DEL ABUNA),36,13,8,1,4,2020-08-30
3333,9,PANDO,90501,NUEVO MANOA (NUEVA ESPERANZA),36,7,7,0,0,2020-08-30
3334,9,PANDO,90502,VILLA NUEVA (LOMA ALTA),36,10,4,0,6,2020-08-30
3335,9,PANDO,90503,EUREKA (SANTOS MERCADO),36,7,7,0,0,2020-08-30
3336,9,PANDO,90104,BELLA FLOR,36,72,46,0,26,2020-08-30
3337,1,CHUQUISACA,10101,SUCRE,37,5225,2209,422,2594,2020-09-06
3338,1,CHUQUISACA,10102,YOTALA,37,84,56,1,27,2020-09-06
3339,1,CHUQUISACA,10103,POROMA,37,15,9,0,6,2020-09-06
3340,1,CHUQUISACA,10201,AZURDUY,37,31,24,0,7,2020-09-06
3341,1,CHUQUISACA,10202,TARVITA,37,34,27,0,7,2020-09-06
3342,1,CHUQUISACA,10301,ZUDAÑEZ,37,23,4,0,19,2020-09-06
3343,1,CHUQUISACA,10302,PRESTO,37,67,56,1,10,2020-09-06
3344,1,CHUQUISACA,10303,MOJOCOYA,37,29,18,2,9,2020-09-06
3345,1,CHUQUISACA,10304,ICLA,37,15,4,0,11,2020-09-06
3346,1,CHUQUISACA,10401,PADILLA,37,16,0,0,16,2020-09-06
3347,1,CHUQUISACA,10402,TOMINA,37,18,0,0,18,2020-09-06
3348,1,CHUQUISACA,10403,SOPACHUY,37,8,5,0,3,2020-09-06
3349,1,CHUQUISACA,10404,ALCALA,37,10,0,0,10,2020-09-06
3350,1,CHUQUISACA,10405,EL VILLAR,37,2,0,0,2,2020-09-06
3351,1,CHUQUISACA,10501,MONTEAGUDO,37,84,19,0,65,2020-09-06
3352,1,CHUQUISACA,10601,TARABUCO,37,40,23,2,15,2020-09-06
3353,1,CHUQUISACA,10602,YAMPARAEZ,37,57,28,2,27,2020-09-06
3354,1,CHUQUISACA,10701,CAMARGO,37,84,29,6,49,2020-09-06
3355,1,CHUQUISACA,10702,SAN LUCAS,37,84,24,8,52,2020-09-06
3356,1,CHUQUISACA,10703,INCAHUASI,37,35,15,0,20,2020-09-06
3357,1,CHUQUISACA,10704,VILLA CHARCAS,37,47,28,2,17,2020-09-06
3358,1,CHUQUISACA,10801,VILLA SERRANO,37,10,0,0,10,2020-09-06
3359,1,CHUQUISACA,10901,CAMATAQUI (C. VILLA ABECIA),37,4,1,0,3,2020-09-06
3360,1,CHUQUISACA,10902,CULPINA,37,46,15,3,28,2020-09-06
3361,1,CHUQUISACA,10903,LAS CARRERAS,37,12,1,0,11,2020-09-06
3362,1,CHUQUISACA,11001,VILLA VACA GUZMAN (MUYUPAMPA),37,43,4,0,39,2020-09-06
3363,1,CHUQUISACA,11003,MACHARETI,37,4,0,0,4,2020-09-06
3364,2,LA PAZ,20101,LA PAZ,37,22530,6373,577,15580,2020-09-06
3365,2,LA PAZ,20102,PALCA,37,5,5,0,0,2020-09-06
3366,2,LA PAZ,20103,MECAPACA,37,22,4,2,16,2020-09-06
3367,2,LA PAZ,20104,ACHOCALLA,37,58,23,2,33,2020-09-06
3368,2,LA PAZ,20105,EL ALTO,37,8969,2449,261,6259,2020-09-06
3369,2,LA PAZ,20201,ACHACACHI,37,33,9,5,19,2020-09-06
3370,2,LA PAZ,20202,ANCORAIMES,37,3,1,0,2,2020-09-06
3371,2,LA PAZ,20203,CHUA COCANI,37,2,1,0,1,2020-09-06
3372,2,LA PAZ,20205,SANTIAGO DE HUATA,37,2,1,0,1,2020-09-06
3373,2,LA PAZ,20206,HUATAJATA,37,2,0,0,2,2020-09-06
3374,2,LA PAZ,20301,CORO CORO,37,22,4,1,17,2020-09-06
3375,2,LA PAZ,20302,CAQUIAVIRI,37,1,0,0,1,2020-09-06
3376,2,LA PAZ,20303,CALACOTO,37,4,2,0,2,2020-09-06
3377,2,LA PAZ,20304,COMANCHE,37,6,6,0,0,2020-09-06
3378,2,LA PAZ,20305,CHARAÑA,37,14,8,0,6,2020-09-06
3379,2,LA PAZ,20306,WALDO BALLIVIAN,37,3,1,0,2,2020-09-06
3380,2,LA PAZ,20307,NAZACARA DE PACAJES,37,2,2,0,0,2020-09-06
3381,2,LA PAZ,20401,PUERTO ACOSTA,37,3,3,0,0,2020-09-06
3382,2,LA PAZ,20402,MOCOMOCO,37,2,0,0,2,2020-09-06
3383,2,LA PAZ,20403,PUERTO CARABUCO,37,1,0,0,1,2020-09-06
3384,2,LA PAZ,20405,ESCOMA,37,4,0,1,3,2020-09-06
3385,2,LA PAZ,20501,CHUMA,37,2,0,0,2,2020-09-06
3386,2,LA PAZ,20502,AYATA,37,2,0,0,2,2020-09-06
3387,2,LA PAZ,20601,SORATA,37,15,9,0,6,2020-09-06
3388,2,LA PAZ,20602,GUANAY,37,22,12,1,9,2020-09-06
3389,2,LA PAZ,20603,TACACOMA,37,1,0,0,1,2020-09-06
3390,2,LA PAZ,20606,TIPUANI,37,2,1,0,1,2020-09-06
3391,2,LA PAZ,20607,MAPIRI,37,2,0,1,1,2020-09-06
3392,2,LA PAZ,20608,TEOPONTE,37,8,1,0,7,2020-09-06
3393,2,LA PAZ,20701,APOLO,37,2,0,0,2,2020-09-06
3394,2,LA PAZ,20702,PELECHUCO,37,2,2,0,0,2020-09-06
3395,2,LA PAZ,20801,VIACHA,37,608,187,10,411,2020-09-06
3396,2,LA PAZ,20802,GUAQUI,37,3,2,0,1,2020-09-06
3397,2,LA PAZ,20803,TIAWANACU,37,12,8,0,4,2020-09-06
3398,2,LA PAZ,20804,DESAGUADERO,37,3,3,0,0,2020-09-06
3399,2,LA PAZ,20806,JESUS DE MACHACA,37,7,7,0,0,2020-09-06
3400,2,LA PAZ,20901,LURIBAY,37,1,0,0,1,2020-09-06
3401,2,LA PAZ,20902,SAPAHAQUI,37,7,2,0,5,2020-09-06
3402,2,LA PAZ,20903,YACO,37,4,2,0,2,2020-09-06
3403,2,LA PAZ,20904,MALLA,37,6,0,0,6,2020-09-06
3404,2,LA PAZ,20905,CAIROMA,37,16,0,0,16,2020-09-06
3405,2,LA PAZ,21001,INQUISIVI,37,10,3,0,7,2020-09-06
3406,2,LA PAZ,21002,QUIME,37,13,5,1,7,2020-09-06
3407,2,LA PAZ,21003,CAJUATA,37,2,0,1,1,2020-09-06
3408,2,LA PAZ,21004,COLQUIRI,37,69,4,7,58,2020-09-06
3409,2,LA PAZ,21005,ICHOCA,37,1,0,0,1,2020-09-06
3410,2,LA PAZ,21006,LICOMA PAMPA,37,1,0,0,1,2020-09-06
3411,2,LA PAZ,21101,CHULUMANI (V. DE LA LIBERTAD),37,31,12,4,15,2020-09-06
3412,2,LA PAZ,21102,IRUPANA (VILLA DE LANZA),37,47,17,2,28,2020-09-06
3413,2,LA PAZ,21103,YANACACHI,37,10,1,0,9,2020-09-06
3414,2,LA PAZ,21104,PALOS BLANCOS,37,33,6,3,24,2020-09-06
3415,2,LA PAZ,21105,LA ASUNTA,37,10,6,1,3,2020-09-06
3416,2,LA PAZ,21201,PUCARANI,37,20,5,1,14,2020-09-06
3417,2,LA PAZ,21202,LAJA,37,40,5,5,30,2020-09-06
3418,2,LA PAZ,21203,BATALLAS,37,53,10,2,41,2020-09-06
3419,2,LA PAZ,21204,PUERTO PEREZ,37,2,2,0,0,2020-09-06
3420,2,LA PAZ,21301,SICA SICA (VILLA AROMA),37,12,3,3,6,2020-09-06
3421,2,LA PAZ,21302,UMALA,37,15,1,3,11,2020-09-06
3422,2,LA PAZ,21304,CALAMARCA,37,8,4,0,4,2020-09-06
3423,2,LA PAZ,21305,PATACAMAYA,37,67,5,7,55,2020-09-06
3424,2,LA PAZ,21306,COLQUENCHA,37,5,1,0,4,2020-09-06
3425,2,LA PAZ,21307,COLLANA,37,1,0,0,1,2020-09-06
3426,2,LA PAZ,21401,COROICO,37,26,1,1,24,2020-09-06
3427,2,LA PAZ,21402,CORIPATA,37,37,6,5,26,2020-09-06
3428,2,LA PAZ,21502,SAN BUENA VENTURA,37,30,19,1,10,2020-09-06
3429,2,LA PAZ,21601,GRAL. J.J. PEREZ (CHARAZANI),37,4,4,0,0,2020-09-06
3430,2,LA PAZ,21701,COPACABANA,37,34,15,0,19,2020-09-06
3431,2,LA PAZ,21702,SAN PEDRO DE TIQUINA,37,6,1,0,5,2020-09-06
3432,2,LA PAZ,21703,TITO YUPANQUI (PARQUIPUJIO),37,1,1,0,0,2020-09-06
3433,2,LA PAZ,21802,PAPEL PAMPA,37,1,0,0,1,2020-09-06
3434,2,LA PAZ,21803,CHACARILLA,37,5,5,0,0,2020-09-06
3435,2,LA PAZ,21901,SANTIAGO DE MACHACA,37,4,2,0,2,2020-09-06
3436,2,LA PAZ,21902,CATACORA,37,1,1,0,0,2020-09-06
3437,2,LA PAZ,22001,CARANAVI,37,66,3,4,59,2020-09-06
3438,2,LA PAZ,22002,ALTO BENI,37,4,1,1,2,2020-09-06
3439,3,COCHABAMBA,30101,COCHABAMBA,37,7748,858,599,6291,2020-09-06
3440,3,COCHABAMBA,30201,AIQUILE,37,42,8,6,28,2020-09-06
3441,3,COCHABAMBA,30202,PASORAPA,37,2,2,0,0,2020-09-06
3442,3,COCHABAMBA,30203,OMEREQUE,37,16,2,1,13,2020-09-06
3443,3,COCHABAMBA,30301,AYOPAYA (V. DE INDEPENDENCIA),37,30,27,2,1,2020-09-06
3444,3,COCHABAMBA,30302,MOROCHATA,37,1,1,0,0,2020-09-06
3445,3,COCHABAMBA,30303,COCAPATA,37,2,0,1,1,2020-09-06
3446,3,COCHABAMBA,30401,TARATA,37,42,9,9,24,2020-09-06
3447,3,COCHABAMBA,30402,ANZALDO,37,17,12,0,5,2020-09-06
3448,3,COCHABAMBA,30403,ARBIETO,37,17,0,6,11,2020-09-06
3449,3,COCHABAMBA,30404,SACABAMBA,37,1,1,0,0,2020-09-06
3450,3,COCHABAMBA,30501,ARANI,37,29,16,2,11,2020-09-06
3451,3,COCHABAMBA,30502,VACAS,37,9,3,0,6,2020-09-06
3452,3,COCHABAMBA,30601,ARQUE,37,4,1,2,1,2020-09-06
3453,3,COCHABAMBA,30602,TACOPAYA,37,3,3,0,0,2020-09-06
3454,3,COCHABAMBA,30701,CAPINOTA,37,95,52,6,37,2020-09-06
3455,3,COCHABAMBA,30702,SANTIVAÑES,37,30,4,1,25,2020-09-06
3456,3,COCHABAMBA,30703,SICAYA,37,8,3,0,5,2020-09-06
3457,3,COCHABAMBA,30801,CLIZA,37,33,5,5,23,2020-09-06
3458,3,COCHABAMBA,30802,TOCO,37,7,2,3,2,2020-09-06
3459,3,COCHABAMBA,30803,TOLATA,37,29,20,4,5,2020-09-06
3460,3,COCHABAMBA,30901,QUILLACOLLO,37,1178,465,77,636,2020-09-06
3461,3,COCHABAMBA,30902,SIPE SIPE,37,227,100,12,115,2020-09-06
3462,3,COCHABAMBA,30903,TIQUIPAYA,37,248,90,18,140,2020-09-06
3463,3,COCHABAMBA,30904,VINTO,37,253,39,29,185,2020-09-06
3464,3,COCHABAMBA,30905,COLCAPIRHUA,37,192,78,25,89,2020-09-06
3465,3,COCHABAMBA,31001,SACABA,37,854,330,74,450,2020-09-06
3466,3,COCHABAMBA,31002,COLOMI,37,39,20,3,16,2020-09-06
3467,3,COCHABAMBA,31003,VILLA TUNARI,37,160,18,12,130,2020-09-06
3468,3,COCHABAMBA,31101,TAPACARI,37,17,7,2,8,2020-09-06
3469,3,COCHABAMBA,31201,TOTORA(CBBA),37,49,22,1,26,2020-09-06
3470,3,COCHABAMBA,31202,POJO (CBBA),37,15,12,0,3,2020-09-06
3471,3,COCHABAMBA,31203,POCONA,37,16,1,1,14,2020-09-06
3472,3,COCHABAMBA,31204,CHIMORE,37,160,2,11,147,2020-09-06
3473,3,COCHABAMBA,31205,PUERTO VILLARROEL,37,473,77,32,364,2020-09-06
3474,3,COCHABAMBA,31206,ENTRE RIOS CBBA,37,430,44,38,348,2020-09-06
3475,3,COCHABAMBA,31301,MIZQUE,37,79,26,3,50,2020-09-06
3476,3,COCHABAMBA,31302,VILA VILA,37,2,0,0,2,2020-09-06
3477,3,COCHABAMBA,31401,PUNATA,37,127,5,23,99,2020-09-06
3478,3,COCHABAMBA,31402,VILLA RIVERO,37,8,6,0,2,2020-09-06
3479,3,COCHABAMBA,31403,SAN BENITO,37,91,17,2,72,2020-09-06
3480,3,COCHABAMBA,31404,TACACHI,37,1,0,1,0,2020-09-06
3481,3,COCHABAMBA,31501,BOLIVAR,37,6,0,0,6,2020-09-06
3482,3,COCHABAMBA,31601,TIRAQUE (CBBA),37,13,3,4,6,2020-09-06
3483,3,COCHABAMBA,31602,SHINAOTA,37,262,80,9,173,2020-09-06
3484,4,ORURO,40101,ORURO,37,4422,2436,222,1764,2020-09-06
3485,4,ORURO,40102,CARACOLLO,37,30,14,10,6,2020-09-06
3486,4,ORURO,40104,SORACACHI,37,2,1,1,0,2020-09-06
3487,4,ORURO,40201,CHALLAPATA,37,141,125,3,13,2020-09-06
3488,4,ORURO,40202,SANTUARIO DE QUILLACAS,37,18,8,0,10,2020-09-06
3489,4,ORURO,40401,CURAHUARA DE CARANGAS,37,3,2,0,1,2020-09-06
3490,4,ORURO,40402,TURCO,37,3,2,0,1,2020-09-06
3491,4,ORURO,40501,HUACHACALLA,37,34,5,5,24,2020-09-06
3492,4,ORURO,40502,ESCARA,37,5,2,0,3,2020-09-06
3493,4,ORURO,40504,YUNGUYO DE LITORAL,37,1,0,0,1,2020-09-06
3494,4,ORURO,40505,ESMERALDA,37,7,1,0,6,2020-09-06
3495,4,ORURO,40601,POOPO,37,22,10,1,11,2020-09-06
3496,4,ORURO,40602,PAZÑA,37,3,3,0,0,2020-09-06
3497,4,ORURO,40603,ANTEQUERA,37,8,1,0,7,2020-09-06
3498,4,ORURO,40701,HUANUNI,37,504,115,25,364,2020-09-06
3499,4,ORURO,40702,MACHACAMARCA,37,37,24,1,12,2020-09-06
3500,4,ORURO,40801,SALINAS DE GARCI MENDOZA,37,12,9,0,3,2020-09-06
3501,4,ORURO,40802,PAMPA AULLAGAS,37,3,2,0,1,2020-09-06
3502,4,ORURO,40901,SABAYA,37,34,7,2,25,2020-09-06
3503,4,ORURO,40902,COIPASA,37,1,0,0,1,2020-09-06
3504,4,ORURO,41001,TOLEDO,37,11,5,2,4,2020-09-06
3505,4,ORURO,41101,EUCALIPTUS,37,41,5,4,32,2020-09-06
3506,4,ORURO,41201,ANDAMARCA,37,5,5,0,0,2020-09-06
3507,4,ORURO,41301,TOTORA(ORR),37,5,5,0,0,2020-09-06
3508,4,ORURO,41401,SANTIAGO DE HUARI,37,20,9,5,6,2020-09-06
3509,4,ORURO,41501,LA RIVERA,37,2,2,0,0,2020-09-06
3510,4,ORURO,41601,HUAYLLAMARCA,37,6,3,2,1,2020-09-06
3511,5,POTOSI,50101,POTOSI,37,3809,2882,121,806,2020-09-06
3512,5,POTOSI,50102,TINGUIPAYA,37,18,11,0,7,2020-09-06
3513,5,POTOSI,50103,YOCALLA,37,2,1,1,0,2020-09-06
3514,5,POTOSI,50104,BELEN DE URMIRI,37,5,5,0,0,2020-09-06
3515,5,POTOSI,50201,UNCIA,37,318,249,0,69,2020-09-06
3516,5,POTOSI,50202,CHAYANTA,37,41,17,1,23,2020-09-06
3517,5,POTOSI,50203,LLALLAGUA,37,887,679,17,191,2020-09-06
3518,5,POTOSI,50204,CHUQUIHUTA AYLLU JUCUMANI,37,17,15,2,0,2020-09-06
3519,5,POTOSI,50301,BETANZOS,37,269,203,5,61,2020-09-06
3520,5,POTOSI,50302,CHAQUI,37,10,10,0,0,2020-09-06
3521,5,POTOSI,50303,TACOBAMBA,37,26,26,0,0,2020-09-06
3522,5,POTOSI,50401,COLQUECHACA,37,34,26,1,7,2020-09-06
3523,5,POTOSI,50402,RAVELO,37,32,17,1,14,2020-09-06
3524,5,POTOSI,50403,POCOATA,37,42,22,6,14,2020-09-06
3525,5,POTOSI,50404,OCURI,37,53,23,1,29,2020-09-06
3526,5,POTOSI,50501,SAN PEDRO DE BUENA VISTA,37,12,4,1,7,2020-09-06
3527,5,POTOSI,50502,TORO TORO,37,41,28,1,12,2020-09-06
3528,5,POTOSI,50601,COTAGAITA,37,92,91,1,0,2020-09-06
3529,5,POTOSI,50602,VITICHI,37,90,87,0,3,2020-09-06
3530,5,POTOSI,50701,SACACA,37,11,8,3,0,2020-09-06
3531,5,POTOSI,50702,CARIPUYO,37,4,4,0,0,2020-09-06
3532,5,POTOSI,50801,TUPIZA,37,145,124,13,8,2020-09-06
3533,5,POTOSI,50802,ATOCHA,37,109,83,4,22,2020-09-06
3534,5,POTOSI,50901,"COLCHA ""K""",37,104,25,2,77,2020-09-06
3535,5,POTOSI,50902,SAN PEDRO DE QUEMES,37,4,4,0,0,2020-09-06
3536,5,POTOSI,51001,SAN PABLO DE LIPEZ,37,5,5,0,0,2020-09-06
3537,5,POTOSI,51101,PUNA,37,58,41,2,15,2020-09-06
3538,5,POTOSI,51102,"CAIZA ""D""",37,69,27,1,41,2020-09-06
3539,5,POTOSI,51103,CKOCHAS,37,19,18,1,0,2020-09-06
3540,5,POTOSI,51201,UYUNI,37,205,162,16,27,2020-09-06
3541,5,POTOSI,51202,TOMAVE,37,47,41,0,6,2020-09-06
3542,5,POTOSI,51203,PORCO,37,16,14,2,0,2020-09-06
3543,5,POTOSI,51301,ARAMPAMPA,37,4,4,0,0,2020-09-06
3544,5,POTOSI,51302,ACACIO,37,9,9,0,0,2020-09-06
3545,5,POTOSI,51401,LLICA,37,20,19,1,0,2020-09-06
3546,5,POTOSI,51402,TAHUA,37,20,16,1,3,2020-09-06
3547,5,POTOSI,51501,VILLAZON,37,595,457,17,121,2020-09-06
3548,5,POTOSI,51601,SAN AGUSTIN,37,13,12,0,1,2020-09-06
3549,6,TARIJA,60101,TARIJA,37,5991,1878,141,3972,2020-09-06
3550,6,TARIJA,60201,PADCAYA,37,197,118,0,79,2020-09-06
3551,6,TARIJA,60202,BERMEJO,37,518,429,14,75,2020-09-06
3552,6,TARIJA,60301,YACUIBA,37,1577,1248,69,260,2020-09-06
3553,6,TARIJA,60302,CARAPARI,37,236,78,2,156,2020-09-06
3554,6,TARIJA,60303,VILLA MONTES,37,483,211,11,261,2020-09-06
3555,6,TARIJA,60401,URIONDO (A. CONCEPCION),37,190,106,1,83,2020-09-06
3556,6,TARIJA,60402,YUNCHARA,37,27,14,0,13,2020-09-06
3557,6,TARIJA,60501,SAN LORENZO(TJA),37,585,335,4,246,2020-09-06
3558,6,TARIJA,60502,EL PUENTE(TJA),37,71,24,2,45,2020-09-06
3559,6,TARIJA,60601,ENTRE RIOS TRJ,37,212,129,2,81,2020-09-06
3560,7,SANTA CRUZ,70101,SANTA CRUZ,37,27221,107,1601,25513,2020-09-06
3561,7,SANTA CRUZ,70102,COTOCA,37,1187,652,14,521,2020-09-06
3562,7,SANTA CRUZ,70103,PORONGO,37,200,68,1,131,2020-09-06
3563,7,SANTA CRUZ,70104,LA GUARDIA,37,1393,293,7,1093,2020-09-06
3564,7,SANTA CRUZ,70105,EL TORNO,37,1055,441,31,583,2020-09-06
3565,7,SANTA CRUZ,70201,WARNES,37,826,210,13,603,2020-09-06
3566,7,SANTA CRUZ,70202,OKINAWA UNO,37,123,27,5,91,2020-09-06
3567,7,SANTA CRUZ,70301,SAN IGNACIO DE VELASCO,37,336,60,54,222,2020-09-06
3568,7,SANTA CRUZ,70401,BUENA VISTA,37,111,42,0,69,2020-09-06
3569,7,SANTA CRUZ,70402,SAN CARLOS,37,279,89,0,190,2020-09-06
3570,7,SANTA CRUZ,70403,YAPACANI,37,725,193,0,532,2020-09-06
3571,7,SANTA CRUZ,70404,SAN JUAN DE YAPACANI,37,153,42,0,111,2020-09-06
3572,7,SANTA CRUZ,70501,SAN JOSÉ DE CHIQUITOS,37,244,14,23,207,2020-09-06
3573,7,SANTA CRUZ,70502,PAILON,37,400,104,9,287,2020-09-06
3574,7,SANTA CRUZ,70503,ROBORÉ,37,276,111,7,158,2020-09-06
3575,7,SANTA CRUZ,70601,PORTACHUELO,37,261,12,4,245,2020-09-06
3576,7,SANTA CRUZ,70602,SANTA ROSA DEL SARA,37,181,16,0,165,2020-09-06
3577,7,SANTA CRUZ,70603,COLPA BÉLGICA,37,144,4,8,132,2020-09-06
3578,7,SANTA CRUZ,70701,LAGUNILLAS,37,17,13,0,4,2020-09-06
3579,7,SANTA CRUZ,70703,CABEZAS,37,56,24,1,31,2020-09-06
3580,7,SANTA CRUZ,70706,CAMIRI,37,559,380,8,171,2020-09-06
3581,7,SANTA CRUZ,70801,VALLE GRANDE,37,105,44,5,56,2020-09-06
3582,7,SANTA CRUZ,70802,TRIGAL,37,12,3,0,9,2020-09-06
3583,7,SANTA CRUZ,70803,MORO MORO,37,30,7,1,22,2020-09-06
3584,7,SANTA CRUZ,70804,POSTRER VALLE,37,1,1,0,0,2020-09-06
3585,7,SANTA CRUZ,70901,SAMAIPATA,37,34,2,2,30,2020-09-06
3586,7,SANTA CRUZ,70902,PAMPA GRANDE,37,76,40,4,32,2020-09-06
3587,7,SANTA CRUZ,70903,MAIRANA,37,109,21,4,84,2020-09-06
3588,7,SANTA CRUZ,71001,MONTERO,37,2956,133,185,2638,2020-09-06
3589,7,SANTA CRUZ,71002,GRAL. SAAVEDRA,37,72,0,2,70,2020-09-06
3590,7,SANTA CRUZ,71003,MINEROS,37,135,0,11,124,2020-09-06
3591,7,SANTA CRUZ,71004,FERNÁNDEZ ALONSO,37,212,42,2,168,2020-09-06
3592,7,SANTA CRUZ,71005,SAN PEDRO,37,392,77,1,314,2020-09-06
3593,7,SANTA CRUZ,71101,CONCEPCIÓN,37,285,125,10,150,2020-09-06
3594,7,SANTA CRUZ,71102,SAN JAVIER,37,88,26,6,56,2020-09-06
3595,7,SANTA CRUZ,71104,SAN JULIÁN,37,239,0,12,227,2020-09-06
3596,7,SANTA CRUZ,71106,CUATRO CAÑADAS,37,160,24,12,124,2020-09-06
3597,7,SANTA CRUZ,71401,PUERTO SUAREZ,37,81,7,0,74,2020-09-06
3598,7,SANTA CRUZ,71402,PUERTO QUIJARRO,37,229,70,0,159,2020-09-06
3599,7,SANTA CRUZ,71105,SAN ANTONIO DE LOMERÍO,37,39,0,5,34,2020-09-06
3600,7,SANTA CRUZ,71503,EL PUENTE (SCZ),37,62,24,5,33,2020-09-06
3601,7,SANTA CRUZ,71301,COMARAPA,37,82,32,0,50,2020-09-06
3602,7,SANTA CRUZ,70702,CHARAGUA,37,37,31,1,5,2020-09-06
3603,7,SANTA CRUZ,70904,QUIRUSILLAS,37,13,9,1,3,2020-09-06
3604,7,SANTA CRUZ,71501,ASCENCIÓN DE GUARAYOS,37,83,0,21,62,2020-09-06
3605,7,SANTA CRUZ,71201,SAN MATIAS,37,38,6,0,32,2020-09-06
3606,7,SANTA CRUZ,71502,URUBICHA,37,44,15,2,27,2020-09-06
3607,7,SANTA CRUZ,70707,BOYUIBE,37,24,24,0,0,2020-09-06
3608,7,SANTA CRUZ,70705,GUTIERREZ,37,30,27,1,2,2020-09-06
3609,7,SANTA CRUZ,71403,CARMEN RIVERO TORREZ,37,39,16,0,23,2020-09-06
3610,7,SANTA CRUZ,71302,SAIPINA,37,26,9,0,17,2020-09-06
3611,7,SANTA CRUZ,70302,SAN MIGUEL DE VELASCO,37,29,6,2,21,2020-09-06
3612,7,SANTA CRUZ,70303,SAN RAFAEL,37,30,3,0,27,2020-09-06
3613,7,SANTA CRUZ,71103,SAN RAMON,37,152,86,6,60,2020-09-06
3614,8,BENI,80101,TRINIDAD,37,4000,3253,212,535,2020-09-06
3615,8,BENI,80102,SAN JAVIER(BNI),37,13,13,0,0,2020-09-06
3616,8,BENI,80201,RIBERALTA,37,688,474,65,149,2020-09-06
3617,8,BENI,80202,GUAYARAMERIN,37,488,366,29,93,2020-09-06
3618,8,BENI,80301,REYES,37,84,75,4,5,2020-09-06
3619,8,BENI,80302,SAN BORJA,37,359,302,8,49,2020-09-06
3620,8,BENI,80303,SANTA ROSA,37,130,127,1,2,2020-09-06
3621,8,BENI,80304,RURRENABAQUE,37,375,312,3,60,2020-09-06
3622,8,BENI,80401,SANTA ANA,37,270,42,7,221,2020-09-06
3623,8,BENI,80402,EXALTACION,37,42,34,0,8,2020-09-06
3624,8,BENI,80501,SAN IGNACIO,37,100,32,4,64,2020-09-06
3625,8,BENI,80601,LORETO,37,54,53,1,0,2020-09-06
3626,8,BENI,80602,SAN ANDRES,37,98,98,0,0,2020-09-06
3627,8,BENI,80701,SAN JOAQUIN,37,138,7,6,125,2020-09-06
3628,8,BENI,80702,SAN RAMON BENI,37,96,2,3,91,2020-09-06
3629,8,BENI,80703,PUERTO SILES,37,2,2,0,0,2020-09-06
3630,9,PANDO,90101,COBIJA,37,1711,1345,154,212,2020-09-06
3631,9,PANDO,90102,PORVENIR,37,30,28,2,0,2020-09-06
3632,9,PANDO,90103,BOLPEBRA,37,46,6,0,40,2020-09-06
3633,9,PANDO,90201,PUERTO RICO,37,145,131,2,12,2020-09-06
3634,9,PANDO,90202,SAN PEDRO(PND),37,16,16,0,0,2020-09-06
3635,9,PANDO,90203,FILADELFIA,37,17,2,1,14,2020-09-06
3636,9,PANDO,90301,PUERTO GONZALO MORENO,37,115,95,0,20,2020-09-06
3637,9,PANDO,90302,SAN LORENZO(PND),37,125,40,0,85,2020-09-06
3638,9,PANDO,90303,SENA,37,44,12,0,32,2020-09-06
3639,9,PANDO,90401,NACEBE (SANTA ROSA DEL ABUNA),37,13,8,1,4,2020-09-06
3640,9,PANDO,90501,NUEVO MANOA (NUEVA ESPERANZA),37,7,7,0,0,2020-09-06
3641,9,PANDO,90502,VILLA NUEVA (LOMA ALTA),37,10,4,0,6,2020-09-06
3642,9,PANDO,90503,EUREKA (SANTOS MERCADO),37,7,7,0,0,2020-09-06
3643,9,PANDO,90104,BELLA FLOR,37,72,46,0,26,2020-09-06
3644,1,CHUQUISACA,10101,SUCRE,38,5658,2114,438,3106,2020-09-13
3645,1,CHUQUISACA,10102,YOTALA,38,89,61,1,27,2020-09-13
3646,1,CHUQUISACA,10103,POROMA,38,15,9,0,6,2020-09-13
3647,1,CHUQUISACA,10201,AZURDUY,38,31,24,0,7,2020-09-13
3648,1,CHUQUISACA,10202,TARVITA,38,34,27,0,7,2020-09-13
3649,1,CHUQUISACA,10301,ZUDAÑEZ,38,23,1,0,22,2020-09-13
3650,1,CHUQUISACA,10302,PRESTO,38,75,61,1,13,2020-09-13
3651,1,CHUQUISACA,10303,MOJOCOYA,38,30,18,2,10,2020-09-13
3652,1,CHUQUISACA,10304,ICLA,38,17,5,0,12,2020-09-13
3653,1,CHUQUISACA,10401,PADILLA,38,16,0,0,16,2020-09-13
3654,1,CHUQUISACA,10402,TOMINA,38,18,0,0,18,2020-09-13
3655,1,CHUQUISACA,10403,SOPACHUY,38,20,17,0,3,2020-09-13
3656,1,CHUQUISACA,10404,ALCALA,38,10,0,0,10,2020-09-13
3657,1,CHUQUISACA,10405,EL VILLAR,38,3,1,0,2,2020-09-13
3658,1,CHUQUISACA,10501,MONTEAGUDO,38,92,23,0,69,2020-09-13
3659,1,CHUQUISACA,10601,TARABUCO,38,44,23,3,18,2020-09-13
3660,1,CHUQUISACA,10602,YAMPARAEZ,38,65,35,2,28,2020-09-13
3661,1,CHUQUISACA,10701,CAMARGO,38,90,31,6,53,2020-09-13
3662,1,CHUQUISACA,10702,SAN LUCAS,38,85,11,9,65,2020-09-13
3663,1,CHUQUISACA,10703,INCAHUASI,38,36,13,0,23,2020-09-13
3664,1,CHUQUISACA,10704,VILLA CHARCAS,38,53,29,2,22,2020-09-13
3665,1,CHUQUISACA,10801,VILLA SERRANO,38,10,0,0,10,2020-09-13
3666,1,CHUQUISACA,10901,CAMATAQUI (C. VILLA ABECIA),38,5,2,0,3,2020-09-13
3667,1,CHUQUISACA,10902,CULPINA,38,61,30,3,28,2020-09-13
3668,1,CHUQUISACA,10903,LAS CARRERAS,38,12,1,0,11,2020-09-13
3669,1,CHUQUISACA,11001,VILLA VACA GUZMAN (MUYUPAMPA),38,43,4,0,39,2020-09-13
3670,1,CHUQUISACA,11003,MACHARETI,38,4,0,0,4,2020-09-13
3671,2,LA PAZ,20101,LA PAZ,38,23022,5863,621,16538,2020-09-13
3672,2,LA PAZ,20102,PALCA,38,5,5,0,0,2020-09-13
3673,2,LA PAZ,20103,MECAPACA,38,25,7,2,16,2020-09-13
3674,2,LA PAZ,20104,ACHOCALLA,38,58,19,3,36,2020-09-13
3675,2,LA PAZ,20105,EL ALTO,38,9291,2329,272,6690,2020-09-13
3676,2,LA PAZ,20201,ACHACACHI,38,37,12,5,20,2020-09-13
3677,2,LA PAZ,20202,ANCORAIMES,38,3,1,0,2,2020-09-13
3678,2,LA PAZ,20203,CHUA COCANI,38,2,1,0,1,2020-09-13
3679,2,LA PAZ,20205,SANTIAGO DE HUATA,38,2,1,0,1,2020-09-13
3680,2,LA PAZ,20206,HUATAJATA,38,2,0,0,2,2020-09-13
3681,2,LA PAZ,20301,CORO CORO,38,22,4,1,17,2020-09-13
3682,2,LA PAZ,20302,CAQUIAVIRI,38,1,0,0,1,2020-09-13
3683,2,LA PAZ,20303,CALACOTO,38,4,2,0,2,2020-09-13
3684,2,LA PAZ,20304,COMANCHE,38,8,6,0,2,2020-09-13
3685,2,LA PAZ,20305,CHARAÑA,38,15,6,0,9,2020-09-13
3686,2,LA PAZ,20306,WALDO BALLIVIAN,38,3,1,0,2,2020-09-13
3687,2,LA PAZ,20307,NAZACARA DE PACAJES,38,2,2,0,0,2020-09-13
3688,2,LA PAZ,20401,PUERTO ACOSTA,38,3,3,0,0,2020-09-13
3689,2,LA PAZ,20402,MOCOMOCO,38,2,0,0,2,2020-09-13
3690,2,LA PAZ,20403,PUERTO CARABUCO,38,1,0,0,1,2020-09-13
3691,2,LA PAZ,20405,ESCOMA,38,4,2,1,1,2020-09-13
3692,2,LA PAZ,20501,CHUMA,38,2,0,0,2,2020-09-13
3693,2,LA PAZ,20502,AYATA,38,2,0,0,2,2020-09-13
3694,2,LA PAZ,20601,SORATA,38,15,7,0,8,2020-09-13
3695,2,LA PAZ,20602,GUANAY,38,41,30,1,10,2020-09-13
3696,2,LA PAZ,20603,TACACOMA,38,1,0,0,1,2020-09-13
3697,2,LA PAZ,20606,TIPUANI,38,2,1,0,1,2020-09-13
3698,2,LA PAZ,20607,MAPIRI,38,2,0,1,1,2020-09-13
3699,2,LA PAZ,20608,TEOPONTE,38,8,1,0,7,2020-09-13
3700,2,LA PAZ,20701,APOLO,38,2,0,0,2,2020-09-13
3701,2,LA PAZ,20702,PELECHUCO,38,2,2,0,0,2020-09-13
3702,2,LA PAZ,20801,VIACHA,38,626,150,10,466,2020-09-13
3703,2,LA PAZ,20802,GUAQUI,38,3,2,0,1,2020-09-13
3704,2,LA PAZ,20803,TIAWANACU,38,16,11,0,5,2020-09-13
3705,2,LA PAZ,20804,DESAGUADERO,38,3,3,0,0,2020-09-13
3706,2,LA PAZ,20806,JESUS DE MACHACA,38,10,7,0,3,2020-09-13
3707,2,LA PAZ,20901,LURIBAY,38,1,0,0,1,2020-09-13
3708,2,LA PAZ,20902,SAPAHAQUI,38,8,3,0,5,2020-09-13
3709,2,LA PAZ,20903,YACO,38,4,2,0,2,2020-09-13
3710,2,LA PAZ,20904,MALLA,38,6,0,0,6,2020-09-13
3711,2,LA PAZ,20905,CAIROMA,38,16,0,0,16,2020-09-13
3712,2,LA PAZ,21001,INQUISIVI,38,11,3,0,8,2020-09-13
3713,2,LA PAZ,21002,QUIME,38,13,4,1,8,2020-09-13
3714,2,LA PAZ,21003,CAJUATA,38,2,0,1,1,2020-09-13
3715,2,LA PAZ,21004,COLQUIRI,38,68,3,7,58,2020-09-13
3716,2,LA PAZ,21005,ICHOCA,38,1,0,0,1,2020-09-13
3717,2,LA PAZ,21006,LICOMA PAMPA,38,1,0,0,1,2020-09-13
3718,2,LA PAZ,21101,CHULUMANI (V. DE LA LIBERTAD),38,33,12,4,17,2020-09-13
3719,2,LA PAZ,21102,IRUPANA (VILLA DE LANZA),38,49,16,2,31,2020-09-13
3720,2,LA PAZ,21103,YANACACHI,38,13,4,0,9,2020-09-13
3721,2,LA PAZ,21104,PALOS BLANCOS,38,33,1,3,29,2020-09-13
3722,2,LA PAZ,21105,LA ASUNTA,38,12,2,1,9,2020-09-13
3723,2,LA PAZ,21201,PUCARANI,38,23,4,1,18,2020-09-13
3724,2,LA PAZ,21202,LAJA,38,42,4,5,33,2020-09-13
3725,2,LA PAZ,21203,BATALLAS,38,53,10,2,41,2020-09-13
3726,2,LA PAZ,21204,PUERTO PEREZ,38,2,2,0,0,2020-09-13
3727,2,LA PAZ,21301,SICA SICA (VILLA AROMA),38,12,1,3,8,2020-09-13
3728,2,LA PAZ,21302,UMALA,38,14,1,3,10,2020-09-13
3729,2,LA PAZ,21304,CALAMARCA,38,9,5,0,4,2020-09-13
3730,2,LA PAZ,21305,PATACAMAYA,38,67,4,7,56,2020-09-13
3731,2,LA PAZ,21306,COLQUENCHA,38,5,0,0,5,2020-09-13
3732,2,LA PAZ,21307,COLLANA,38,1,0,0,1,2020-09-13
3733,2,LA PAZ,21401,COROICO,38,26,1,1,24,2020-09-13
3734,2,LA PAZ,21402,CORIPATA,38,38,7,5,26,2020-09-13
3735,2,LA PAZ,21502,SAN BUENA VENTURA,38,30,19,1,10,2020-09-13
3736,2,LA PAZ,21601,GRAL. J.J. PEREZ (CHARAZANI),38,4,1,0,3,2020-09-13
3737,2,LA PAZ,21701,COPACABANA,38,35,2,0,33,2020-09-13
3738,2,LA PAZ,21702,SAN PEDRO DE TIQUINA,38,6,0,0,6,2020-09-13
3739,2,LA PAZ,21703,TITO YUPANQUI (PARQUIPUJIO),38,1,1,0,0,2020-09-13
3740,2,LA PAZ,21802,PAPEL PAMPA,38,1,0,0,1,2020-09-13
3741,2,LA PAZ,21803,CHACARILLA,38,5,4,0,1,2020-09-13
3742,2,LA PAZ,21901,SANTIAGO DE MACHACA,38,4,2,0,2,2020-09-13
3743,2,LA PAZ,21902,CATACORA,38,2,2,0,0,2020-09-13
3744,2,LA PAZ,22001,CARANAVI,38,66,3,4,59,2020-09-13
3745,2,LA PAZ,22002,ALTO BENI,38,5,2,1,2,2020-09-13
3746,3,COCHABAMBA,30101,COCHABAMBA,38,7972,578,619,6775,2020-09-13
3747,3,COCHABAMBA,30201,AIQUILE,38,42,8,6,28,2020-09-13
3748,3,COCHABAMBA,30202,PASORAPA,38,2,2,0,0,2020-09-13
3749,3,COCHABAMBA,30203,OMEREQUE,38,18,4,1,13,2020-09-13
3750,3,COCHABAMBA,30301,AYOPAYA (V. DE INDEPENDENCIA),38,33,24,2,7,2020-09-13
3751,3,COCHABAMBA,30302,MOROCHATA,38,1,0,1,0,2020-09-13
3752,3,COCHABAMBA,30303,COCAPATA,38,2,0,1,1,2020-09-13
3753,3,COCHABAMBA,30401,TARATA,38,44,10,10,24,2020-09-13
3754,3,COCHABAMBA,30402,ANZALDO,38,19,5,0,14,2020-09-13
3755,3,COCHABAMBA,30403,ARBIETO,38,17,0,6,11,2020-09-13
3756,3,COCHABAMBA,30404,SACABAMBA,38,1,1,0,0,2020-09-13
3757,3,COCHABAMBA,30501,ARANI,38,30,13,5,12,2020-09-13
3758,3,COCHABAMBA,30502,VACAS,38,13,7,0,6,2020-09-13
3759,3,COCHABAMBA,30601,ARQUE,38,4,1,2,1,2020-09-13
3760,3,COCHABAMBA,30602,TACOPAYA,38,5,5,0,0,2020-09-13
3761,3,COCHABAMBA,30701,CAPINOTA,38,98,48,6,44,2020-09-13
3762,3,COCHABAMBA,30702,SANTIVAÑES,38,31,5,1,25,2020-09-13
3763,3,COCHABAMBA,30703,SICAYA,38,8,3,0,5,2020-09-13
3764,3,COCHABAMBA,30801,CLIZA,38,33,3,5,25,2020-09-13
3765,3,COCHABAMBA,30802,TOCO,38,7,2,3,2,2020-09-13
3766,3,COCHABAMBA,30803,TOLATA,38,30,21,4,5,2020-09-13
3767,3,COCHABAMBA,30901,QUILLACOLLO,38,1233,486,80,667,2020-09-13
3768,3,COCHABAMBA,30902,SIPE SIPE,38,233,81,15,137,2020-09-13
3769,3,COCHABAMBA,30903,TIQUIPAYA,38,249,87,20,142,2020-09-13
3770,3,COCHABAMBA,30904,VINTO,38,256,24,30,202,2020-09-13
3771,3,COCHABAMBA,30905,COLCAPIRHUA,38,195,79,26,90,2020-09-13
3772,3,COCHABAMBA,31001,SACABA,38,860,302,75,483,2020-09-13
3773,3,COCHABAMBA,31002,COLOMI,38,39,19,3,17,2020-09-13
3774,3,COCHABAMBA,31003,VILLA TUNARI,38,161,2,11,148,2020-09-13
3775,3,COCHABAMBA,31101,TAPACARI,38,17,5,2,10,2020-09-13
3776,3,COCHABAMBA,31201,TOTORA(CBBA),38,49,22,1,26,2020-09-13
3777,3,COCHABAMBA,31202,POJO (CBBA),38,17,14,0,3,2020-09-13
3778,3,COCHABAMBA,31203,POCONA,38,16,1,1,14,2020-09-13
3779,3,COCHABAMBA,31204,CHIMORE,38,160,18,12,130,2020-09-13
3780,3,COCHABAMBA,31205,PUERTO VILLARROEL,38,473,66,32,375,2020-09-13
3781,3,COCHABAMBA,31206,ENTRE RIOS CBBA,38,430,44,38,348,2020-09-13
3782,3,COCHABAMBA,31301,MIZQUE,38,81,11,3,67,2020-09-13
3783,3,COCHABAMBA,31302,VILA VILA,38,2,0,0,2,2020-09-13
3784,3,COCHABAMBA,31401,PUNATA,38,128,3,25,100,2020-09-13
3785,3,COCHABAMBA,31402,VILLA RIVERO,38,9,5,0,4,2020-09-13
3786,3,COCHABAMBA,31403,SAN BENITO,38,92,14,6,72,2020-09-13
3787,3,COCHABAMBA,31404,TACACHI,38,1,0,1,0,2020-09-13
3788,3,COCHABAMBA,31501,BOLIVAR,38,6,0,0,6,2020-09-13
3789,3,COCHABAMBA,31601,TIRAQUE (CBBA),38,13,3,4,6,2020-09-13
3790,3,COCHABAMBA,31602,SHINAOTA,38,262,76,9,177,2020-09-13
3791,4,ORURO,40101,ORURO,38,4533,2309,234,1990,2020-09-13
3792,4,ORURO,40102,CARACOLLO,38,30,14,10,6,2020-09-13
3793,4,ORURO,40104,SORACACHI,38,2,1,1,0,2020-09-13
3794,4,ORURO,40201,CHALLAPATA,38,152,126,3,23,2020-09-13
3795,4,ORURO,40202,SANTUARIO DE QUILLACAS,38,22,12,0,10,2020-09-13
3796,4,ORURO,40401,CURAHUARA DE CARANGAS,38,6,5,0,1,2020-09-13
3797,4,ORURO,40402,TURCO,38,3,2,0,1,2020-09-13
3798,4,ORURO,40501,HUACHACALLA,38,34,3,5,26,2020-09-13
3799,4,ORURO,40502,ESCARA,38,5,2,0,3,2020-09-13
3800,4,ORURO,40504,YUNGUYO DE LITORAL,38,1,0,0,1,2020-09-13
3801,4,ORURO,40505,ESMERALDA,38,7,0,0,7,2020-09-13
3802,4,ORURO,40601,POOPO,38,27,15,1,11,2020-09-13
3803,4,ORURO,40602,PAZÑA,38,3,3,0,0,2020-09-13
3804,4,ORURO,40603,ANTEQUERA,38,8,1,0,7,2020-09-13
3805,4,ORURO,40701,HUANUNI,38,511,120,25,366,2020-09-13
3806,4,ORURO,40702,MACHACAMARCA,38,37,19,1,17,2020-09-13
3807,4,ORURO,40801,SALINAS DE GARCI MENDOZA,38,13,9,1,3,2020-09-13
3808,4,ORURO,40802,PAMPA AULLAGAS,38,3,2,0,1,2020-09-13
3809,4,ORURO,40901,SABAYA,38,34,7,2,25,2020-09-13
3810,4,ORURO,40902,COIPASA,38,1,0,0,1,2020-09-13
3811,4,ORURO,41001,TOLEDO,38,12,4,2,6,2020-09-13
3812,4,ORURO,41101,EUCALIPTUS,38,43,7,4,32,2020-09-13
3813,4,ORURO,41201,ANDAMARCA,38,5,5,0,0,2020-09-13
3814,4,ORURO,41301,TOTORA(ORR),38,5,5,0,0,2020-09-13
3815,4,ORURO,41401,SANTIAGO DE HUARI,38,21,12,2,7,2020-09-13
3816,4,ORURO,41501,LA RIVERA,38,3,1,0,2,2020-09-13
3817,4,ORURO,41601,HUAYLLAMARCA,38,6,3,2,1,2020-09-13
3818,5,POTOSI,50101,POTOSI,38,5717,4634,122,961,2020-09-13
3819,5,POTOSI,50102,TINGUIPAYA,38,18,11,0,7,2020-09-13
3820,5,POTOSI,50103,YOCALLA,38,2,1,1,0,2020-09-13
3821,5,POTOSI,50104,BELEN DE URMIRI,38,5,2,0,3,2020-09-13
3822,5,POTOSI,50201,UNCIA,38,352,283,0,69,2020-09-13
3823,5,POTOSI,50202,CHAYANTA,38,46,22,1,23,2020-09-13
3824,5,POTOSI,50203,LLALLAGUA,38,933,725,17,191,2020-09-13
3825,5,POTOSI,50204,CHUQUIHUTA AYLLU JUCUMANI,38,18,6,4,8,2020-09-13
3826,5,POTOSI,50301,BETANZOS,38,269,137,5,127,2020-09-13
3827,5,POTOSI,50302,CHAQUI,38,10,10,0,0,2020-09-13
3828,5,POTOSI,50303,TACOBAMBA,38,27,27,0,0,2020-09-13
3829,5,POTOSI,50401,COLQUECHACA,38,34,26,1,7,2020-09-13
3830,5,POTOSI,50402,RAVELO,38,32,11,1,20,2020-09-13
3831,5,POTOSI,50403,POCOATA,38,43,23,6,14,2020-09-13
3832,5,POTOSI,50404,OCURI,38,56,26,1,29,2020-09-13
3833,5,POTOSI,50501,SAN PEDRO DE BUENA VISTA,38,12,3,1,8,2020-09-13
3834,5,POTOSI,50502,TORO TORO,38,42,19,1,22,2020-09-13
3835,5,POTOSI,50601,COTAGAITA,38,114,112,1,1,2020-09-13
3836,5,POTOSI,50602,VITICHI,38,92,89,0,3,2020-09-13
3837,5,POTOSI,50701,SACACA,38,11,8,3,0,2020-09-13
3838,5,POTOSI,50702,CARIPUYO,38,4,4,0,0,2020-09-13
3839,5,POTOSI,50801,TUPIZA,38,230,195,14,21,2020-09-13
3840,5,POTOSI,50802,ATOCHA,38,110,84,4,22,2020-09-13
3841,5,POTOSI,50901,"COLCHA ""K""",38,156,62,2,92,2020-09-13
3842,5,POTOSI,50902,SAN PEDRO DE QUEMES,38,5,1,0,4,2020-09-13
3843,5,POTOSI,51001,SAN PABLO DE LIPEZ,38,5,5,0,0,2020-09-13
3844,5,POTOSI,51101,PUNA,38,62,23,2,37,2020-09-13
3845,5,POTOSI,51102,"CAIZA ""D""",38,73,28,1,44,2020-09-13
3846,5,POTOSI,51103,CKOCHAS,38,19,16,1,2,2020-09-13
3847,5,POTOSI,51201,UYUNI,38,205,162,16,27,2020-09-13
3848,5,POTOSI,51202,TOMAVE,38,51,33,0,18,2020-09-13
3849,5,POTOSI,51203,PORCO,38,18,16,2,0,2020-09-13
3850,5,POTOSI,51301,ARAMPAMPA,38,5,4,1,0,2020-09-13
3851,5,POTOSI,51302,ACACIO,38,11,11,0,0,2020-09-13
3852,5,POTOSI,51401,LLICA,38,21,20,1,0,2020-09-13
3853,5,POTOSI,51402,TAHUA,38,20,16,1,3,2020-09-13
3854,5,POTOSI,51501,VILLAZON,38,650,485,17,148,2020-09-13
3855,5,POTOSI,51601,SAN AGUSTIN,38,31,26,0,5,2020-09-13
3856,6,TARIJA,60101,TARIJA,38,6632,2093,152,4387,2020-09-13
3857,6,TARIJA,60201,PADCAYA,38,322,218,0,104,2020-09-13
3858,6,TARIJA,60202,BERMEJO,38,816,707,20,89,2020-09-13
3859,6,TARIJA,60301,YACUIBA,38,1846,1426,74,346,2020-09-13
3860,6,TARIJA,60302,CARAPARI,38,272,97,2,173,2020-09-13
3861,6,TARIJA,60303,VILLA MONTES,38,583,258,11,314,2020-09-13
3862,6,TARIJA,60401,URIONDO (A. CONCEPCION),38,220,131,1,88,2020-09-13
3863,6,TARIJA,60402,YUNCHARA,38,33,19,1,13,2020-09-13
3864,6,TARIJA,60501,SAN LORENZO(TJA),38,626,343,4,279,2020-09-13
3865,6,TARIJA,60502,EL PUENTE(TJA),38,94,38,2,54,2020-09-13
3866,6,TARIJA,60601,ENTRE RIOS TRJ,38,297,211,2,84,2020-09-13
3867,7,SANTA CRUZ,70101,SANTA CRUZ,38,27516,327,1676,25513,2020-09-13
3868,7,SANTA CRUZ,70102,COTOCA,38,1188,653,14,521,2020-09-13
3869,7,SANTA CRUZ,70103,PORONGO,38,204,72,1,131,2020-09-13
3870,7,SANTA CRUZ,70104,LA GUARDIA,38,1412,311,8,1093,2020-09-13
3871,7,SANTA CRUZ,70105,EL TORNO,38,1065,451,31,583,2020-09-13
3872,7,SANTA CRUZ,70201,WARNES,38,829,189,37,603,2020-09-13
3873,7,SANTA CRUZ,70202,OKINAWA UNO,38,124,24,9,91,2020-09-13
3874,7,SANTA CRUZ,70301,SAN IGNACIO DE VELASCO,38,339,61,56,222,2020-09-13
3875,7,SANTA CRUZ,70401,BUENA VISTA,38,111,42,0,69,2020-09-13
3876,7,SANTA CRUZ,70402,SAN CARLOS,38,279,89,0,190,2020-09-13
3877,7,SANTA CRUZ,70403,YAPACANI,38,727,195,0,532,2020-09-13
3878,7,SANTA CRUZ,70404,SAN JUAN DE YAPACANI,38,153,42,0,111,2020-09-13
3879,7,SANTA CRUZ,70501,SAN JOSÉ DE CHIQUITOS,38,245,15,23,207,2020-09-13
3880,7,SANTA CRUZ,70502,PAILON,38,403,107,9,287,2020-09-13
3881,7,SANTA CRUZ,70503,ROBORÉ,38,279,114,7,158,2020-09-13
3882,7,SANTA CRUZ,70601,PORTACHUELO,38,261,12,4,245,2020-09-13
3883,7,SANTA CRUZ,70602,SANTA ROSA DEL SARA,38,182,17,0,165,2020-09-13
3884,7,SANTA CRUZ,70603,COLPA BÉLGICA,38,144,4,8,132,2020-09-13
3885,7,SANTA CRUZ,70701,LAGUNILLAS,38,17,13,0,4,2020-09-13
3886,7,SANTA CRUZ,70703,CABEZAS,38,56,24,1,31,2020-09-13
3887,7,SANTA CRUZ,70706,CAMIRI,38,607,427,9,171,2020-09-13
3888,7,SANTA CRUZ,70801,VALLE GRANDE,38,107,46,5,56,2020-09-13
3889,7,SANTA CRUZ,70802,TRIGAL,38,12,3,0,9,2020-09-13
3890,7,SANTA CRUZ,70803,MORO MORO,38,30,7,1,22,2020-09-13
3891,7,SANTA CRUZ,70804,POSTRER VALLE,38,1,1,0,0,2020-09-13
3892,7,SANTA CRUZ,70901,SAMAIPATA,38,34,2,2,30,2020-09-13
3893,7,SANTA CRUZ,70902,PAMPA GRANDE,38,82,46,4,32,2020-09-13
3894,7,SANTA CRUZ,70903,MAIRANA,38,109,21,4,84,2020-09-13
3895,7,SANTA CRUZ,71001,MONTERO,38,2969,137,194,2638,2020-09-13
3896,7,SANTA CRUZ,71002,GRAL. SAAVEDRA,38,72,0,2,70,2020-09-13
3897,7,SANTA CRUZ,71003,MINEROS,38,135,0,11,124,2020-09-13
3898,7,SANTA CRUZ,71004,FERNÁNDEZ ALONSO,38,212,41,3,168,2020-09-13
3899,7,SANTA CRUZ,71005,SAN PEDRO,38,392,77,1,314,2020-09-13
3900,7,SANTA CRUZ,71101,CONCEPCIÓN,38,285,125,10,150,2020-09-13
3901,7,SANTA CRUZ,71102,SAN JAVIER,38,88,20,12,56,2020-09-13
3902,7,SANTA CRUZ,71104,SAN JULIÁN,38,239,0,12,227,2020-09-13
3903,7,SANTA CRUZ,71106,CUATRO CAÑADAS,38,162,20,18,124,2020-09-13
3904,7,SANTA CRUZ,71401,PUERTO SUAREZ,38,82,8,0,74,2020-09-13
3905,7,SANTA CRUZ,71402,PUERTO QUIJARRO,38,229,70,0,159,2020-09-13
3906,7,SANTA CRUZ,71105,SAN ANTONIO DE LOMERÍO,38,39,0,5,34,2020-09-13
3907,7,SANTA CRUZ,71503,EL PUENTE (SCZ),38,62,24,5,33,2020-09-13
3908,7,SANTA CRUZ,71301,COMARAPA,38,85,35,0,50,2020-09-13
3909,7,SANTA CRUZ,70702,CHARAGUA,38,48,42,1,5,2020-09-13
3910,7,SANTA CRUZ,70904,QUIRUSILLAS,38,13,9,1,3,2020-09-13
3911,7,SANTA CRUZ,71501,ASCENCIÓN DE GUARAYOS,38,83,0,21,62,2020-09-13
3912,7,SANTA CRUZ,71201,SAN MATIAS,38,38,6,0,32,2020-09-13
3913,7,SANTA CRUZ,71502,URUBICHA,38,44,15,2,27,2020-09-13
3914,7,SANTA CRUZ,70707,BOYUIBE,38,47,47,0,0,2020-09-13
3915,7,SANTA CRUZ,70705,GUTIERREZ,38,34,31,1,2,2020-09-13
3916,7,SANTA CRUZ,71403,CARMEN RIVERO TORREZ,38,39,16,0,23,2020-09-13
3917,7,SANTA CRUZ,71302,SAIPINA,38,29,12,0,17,2020-09-13
3918,7,SANTA CRUZ,70302,SAN MIGUEL DE VELASCO,38,29,6,2,21,2020-09-13
3919,7,SANTA CRUZ,70303,SAN RAFAEL,38,30,3,0,27,2020-09-13
3920,7,SANTA CRUZ,71103,SAN RAMON,38,152,86,6,60,2020-09-13
3921,8,BENI,80101,TRINIDAD,38,4052,3215,215,622,2020-09-13
3922,8,BENI,80102,SAN JAVIER(BNI),38,13,13,0,0,2020-09-13
3923,8,BENI,80201,RIBERALTA,38,691,322,65,304,2020-09-13
3924,8,BENI,80202,GUAYARAMERIN,38,489,44,29,416,2020-09-13
3925,8,BENI,80301,REYES,38,84,74,5,5,2020-09-13
3926,8,BENI,80302,SAN BORJA,38,373,310,8,55,2020-09-13
3927,8,BENI,80303,SANTA ROSA,38,133,130,1,2,2020-09-13
3928,8,BENI,80304,RURRENABAQUE,38,379,315,4,60,2020-09-13
3929,8,BENI,80401,SANTA ANA,38,274,46,7,221,2020-09-13
3930,8,BENI,80402,EXALTACION,38,42,34,0,8,2020-09-13
3931,8,BENI,80501,SAN IGNACIO,38,100,32,4,64,2020-09-13
3932,8,BENI,80601,LORETO,38,54,53,1,0,2020-09-13
3933,8,BENI,80602,SAN ANDRES,38,102,102,0,0,2020-09-13
3934,8,BENI,80701,SAN JOAQUIN,38,138,7,6,125,2020-09-13
3935,8,BENI,80702,SAN RAMON BENI,38,96,2,3,91,2020-09-13
3936,8,BENI,80703,PUERTO SILES,38,2,2,0,0,2020-09-13
3937,9,PANDO,90101,COBIJA,38,1707,1330,155,222,2020-09-13
3938,9,PANDO,90102,PORVENIR,38,30,28,2,0,2020-09-13
3939,9,PANDO,90103,BOLPEBRA,38,46,6,0,40,2020-09-13
3940,9,PANDO,90201,PUERTO RICO,38,149,133,4,12,2020-09-13
3941,9,PANDO,90202,SAN PEDRO(PND),38,17,17,0,0,2020-09-13
3942,9,PANDO,90203,FILADELFIA,38,17,2,1,14,2020-09-13
3943,9,PANDO,90301,PUERTO GONZALO MORENO,38,117,85,0,32,2020-09-13
3944,9,PANDO,90302,SAN LORENZO(PND),38,125,40,0,85,2020-09-13
3945,9,PANDO,90303,SENA,38,44,12,0,32,2020-09-13
3946,9,PANDO,90401,NACEBE (SANTA ROSA DEL ABUNA),38,13,8,1,4,2020-09-13
3947,9,PANDO,90501,NUEVO MANOA (NUEVA ESPERANZA),38,7,7,0,0,2020-09-13
3948,9,PANDO,90502,VILLA NUEVA (LOMA ALTA),38,10,4,0,6,2020-09-13
3949,9,PANDO,90503,EUREKA (SANTOS MERCADO),38,7,7,0,0,2020-09-13
3950,9,PANDO,90104,BELLA FLOR,38,72,46,0,26,2020-09-13
3951,1,CHUQUISACA,10502,HUACARETA,40,1,1,0,0,2020-09-27
3952,2,LA PAZ,20302,CAQUIAVIRI,40,1,0,0,1,2020-09-27
3953,2,LA PAZ,20403,PUERTO CARABUCO,40,1,0,0,1,2020-09-27
3954,2,LA PAZ,20603,TACACOMA,40,1,0,0,1,2020-09-27
3955,2,LA PAZ,20901,LURIBAY,40,1,0,0,1,2020-09-27
3956,2,LA PAZ,21005,ICHOCA,40,1,0,0,1,2020-09-27
3957,2,LA PAZ,21006,LICOMA PAMPA,40,1,0,0,1,2020-09-27
3958,2,LA PAZ,21307,COLLANA,40,1,0,0,1,2020-09-27
3959,2,LA PAZ,21501,IXIAMAS,40,1,1,0,0,2020-09-27
3960,2,LA PAZ,21703,TITO YUPANQUI (PARQUIPUJIO),40,1,1,0,0,2020-09-27
3961,2,LA PAZ,21802,PAPEL PAMPA,40,1,0,0,1,2020-09-27
3962,3,COCHABAMBA,30302,MOROCHATA,40,1,0,1,0,2020-09-27
3963,3,COCHABAMBA,30404,SACABAMBA,40,1,1,0,0,2020-09-27
3964,3,COCHABAMBA,31404,TACACHI,40,1,0,1,0,2020-09-27
3965,4,ORURO,40301,CORQUE,40,1,1,0,0,2020-09-27
3966,4,ORURO,40504,YUNGUYO DE LITORAL,40,1,0,0,1,2020-09-27
3967,4,ORURO,40902,COIPASA,40,1,0,0,1,2020-09-27
3968,7,SANTA CRUZ,70804,POSTRER VALLE,40,1,1,0,0,2020-09-27
3969,2,LA PAZ,20203,CHUA COCANI,40,2,1,0,1,2020-09-27
3970,2,LA PAZ,20205,SANTIAGO DE HUATA,40,2,1,0,1,2020-09-27
3971,2,LA PAZ,20206,HUATAJATA,40,2,0,0,2,2020-09-27
3972,2,LA PAZ,20307,NAZACARA DE PACAJES,40,2,2,0,0,2020-09-27
3973,2,LA PAZ,20402,MOCOMOCO,40,2,0,0,2,2020-09-27
3974,2,LA PAZ,20501,CHUMA,40,2,0,0,2,2020-09-27
3975,2,LA PAZ,20502,AYATA,40,2,0,0,2,2020-09-27
3976,2,LA PAZ,20606,TIPUANI,40,2,1,0,1,2020-09-27
3977,2,LA PAZ,20607,MAPIRI,40,2,0,1,1,2020-09-27
3978,2,LA PAZ,20701,APOLO,40,2,0,0,2,2020-09-27
3979,2,LA PAZ,20702,PELECHUCO,40,2,2,0,0,2020-09-27
3980,2,LA PAZ,21003,CAJUATA,40,2,0,1,1,2020-09-27
3981,2,LA PAZ,21204,PUERTO PEREZ,40,2,2,0,0,2020-09-27
3982,2,LA PAZ,21902,CATACORA,40,2,2,0,0,2020-09-27
3983,3,COCHABAMBA,30202,PASORAPA,40,2,2,0,0,2020-09-27
3984,3,COCHABAMBA,30303,COCAPATA,40,2,0,1,1,2020-09-27
3985,3,COCHABAMBA,31302,VILA VILA,40,2,0,0,2,2020-09-27
3986,4,ORURO,40104,SORACACHI,40,2,1,1,0,2020-09-27
3987,5,POTOSI,50103,YOCALLA,40,2,1,1,0,2020-09-27
3988,8,BENI,80703,PUERTO SILES,40,2,0,0,2,2020-09-27
3989,1,CHUQUISACA,10405,EL VILLAR,40,3,1,0,2,2020-09-27
3990,2,LA PAZ,20202,ANCORAIMES,40,3,1,0,2,2020-09-27
3991,2,LA PAZ,20306,WALDO BALLIVIAN,40,3,1,0,2,2020-09-27
3992,2,LA PAZ,20401,PUERTO ACOSTA,40,3,3,0,0,2020-09-27
3993,2,LA PAZ,20802,GUAQUI,40,3,2,0,1,2020-09-27
3994,4,ORURO,40402,TURCO,40,3,1,0,2,2020-09-27
3995,4,ORURO,40802,PAMPA AULLAGAS,40,3,2,0,1,2020-09-27
3996,4,ORURO,41501,LA RIVERA,40,3,1,0,2,2020-09-27
3997,1,CHUQUISACA,11003,MACHARETI,40,4,0,0,4,2020-09-27
3998,2,LA PAZ,20303,CALACOTO,40,4,2,0,2,2020-09-27
3999,2,LA PAZ,20405,ESCOMA,40,4,0,1,3,2020-09-27
4000,2,LA PAZ,20804,DESAGUADERO,40,4,1,0,3,2020-09-27
4001,2,LA PAZ,20903,YACO,40,4,2,0,2,2020-09-27
4002,2,LA PAZ,21601,GRAL. J.J. PEREZ (CHARAZANI),40,4,3,0,1,2020-09-27
4003,2,LA PAZ,21901,SANTIAGO DE MACHACA,40,4,1,0,3,2020-09-27
4004,3,COCHABAMBA,30601,ARQUE,40,4,1,2,1,2020-09-27
4005,4,ORURO,40602,PAZÑA,40,4,0,0,4,2020-09-27
4006,5,POTOSI,50702,CARIPUYO,40,4,4,0,0,2020-09-27
4007,2,LA PAZ,21306,COLQUENCHA,40,5,0,0,5,2020-09-27
4008,2,LA PAZ,21803,CHACARILLA,40,5,4,0,1,2020-09-27
4009,2,LA PAZ,22002,ALTO BENI,40,5,2,1,2,2020-09-27
4010,3,COCHABAMBA,30602,TACOPAYA,40,5,2,0,3,2020-09-27
4011,4,ORURO,40502,ESCARA,40,5,2,0,3,2020-09-27
4012,4,ORURO,41201,ANDAMARCA,40,5,5,0,0,2020-09-27
4013,4,ORURO,41301,TOTORA(ORR),40,5,5,0,0,2020-09-27
4014,5,POTOSI,50104,BELEN DE URMIRI,40,5,2,0,3,2020-09-27
4015,5,POTOSI,50902,SAN PEDRO DE QUEMES,40,5,1,0,4,2020-09-27
4016,5,POTOSI,51001,SAN PABLO DE LIPEZ,40,5,0,0,5,2020-09-27
4017,2,LA PAZ,20904,MALLA,40,6,0,0,6,2020-09-27
4018,2,LA PAZ,21702,SAN PEDRO DE TIQUINA,40,6,0,0,6,2020-09-27
4019,3,COCHABAMBA,31501,BOLIVAR,40,6,0,0,6,2020-09-27
4020,4,ORURO,41601,HUAYLLAMARCA,40,6,3,2,1,2020-09-27
4021,5,POTOSI,51301,ARAMPAMPA,40,6,5,1,0,2020-09-27
4022,3,COCHABAMBA,30802,TOCO,40,7,2,3,2,2020-09-27
4023,4,ORURO,40505,ESMERALDA,40,7,0,0,7,2020-09-27
4024,9,PANDO,90501,NUEVO MANOA (NUEVA ESPERANZA),40,7,7,0,0,2020-09-27
4025,9,PANDO,90503,EUREKA (SANTOS MERCADO),40,7,7,0,0,2020-09-27
4026,1,CHUQUISACA,10901,CAMATAQUI (C. VILLA ABECIA),40,8,5,0,3,2020-09-27
4027,2,LA PAZ,20102,PALCA,40,8,8,0,0,2020-09-27
4028,2,LA PAZ,20304,COMANCHE,40,8,6,0,2,2020-09-27
4029,2,LA PAZ,20608,TEOPONTE,40,8,1,0,7,2020-09-27
4030,2,LA PAZ,20902,SAPAHAQUI,40,8,3,0,5,2020-09-27
4031,3,COCHABAMBA,30703,SICAYA,40,8,3,0,5,2020-09-27
4032,4,ORURO,40603,ANTEQUERA,40,8,1,0,7,2020-09-27
4033,2,LA PAZ,21304,CALAMARCA,40,9,3,0,6,2020-09-27
4034,3,COCHABAMBA,31402,VILLA RIVERO,40,9,4,0,5,2020-09-27
4035,4,ORURO,40401,CURAHUARA DE CARANGAS,40,9,8,0,1,2020-09-27
4036,1,CHUQUISACA,10404,ALCALA,40,10,0,0,10,2020-09-27
4037,9,PANDO,90502,VILLA NUEVA (LOMA ALTA),40,10,4,0,6,2020-09-27
4038,5,POTOSI,50302,CHAQUI,40,11,11,0,0,2020-09-27
4039,5,POTOSI,50701,SACACA,40,11,8,3,0,2020-09-27
4040,1,CHUQUISACA,10903,LAS CARRERAS,40,12,0,0,12,2020-09-27
4041,2,LA PAZ,21001,INQUISIVI,40,12,4,0,8,2020-09-27
4042,2,LA PAZ,21105,LA ASUNTA,40,12,2,1,9,2020-09-27
4043,2,LA PAZ,21301,SICA SICA (VILLA AROMA),40,12,1,3,8,2020-09-27
4044,5,POTOSI,50501,SAN PEDRO DE BUENA VISTA,40,12,3,1,8,2020-09-27
4045,5,POTOSI,51302,ACACIO,40,12,12,0,0,2020-09-27
4046,7,SANTA CRUZ,70802,TRIGAL,40,12,2,0,10,2020-09-27
4047,2,LA PAZ,21002,QUIME,40,13,2,1,10,2020-09-27
4048,4,ORURO,40801,SALINAS DE GARCI MENDOZA,40,13,9,1,3,2020-09-27
4049,4,ORURO,41001,TOLEDO,40,13,5,2,6,2020-09-27
4050,7,SANTA CRUZ,70904,QUIRUSILLAS,40,13,0,1,12,2020-09-27
4051,8,BENI,80102,SAN JAVIER(BNI),40,13,0,0,13,2020-09-27
4052,9,PANDO,90401,NACEBE (SANTA ROSA DEL ABUNA),40,13,8,1,4,2020-09-27
4053,1,CHUQUISACA,10801,VILLA SERRANO,40,14,4,0,10,2020-09-27
4054,2,LA PAZ,20806,JESUS DE MACHACA,40,14,9,0,5,2020-09-27
4055,2,LA PAZ,21103,YANACACHI,40,14,5,0,9,2020-09-27
4056,2,LA PAZ,21302,UMALA,40,14,1,3,10,2020-09-27
4057,3,COCHABAMBA,31601,TIRAQUE (CBBA),40,14,2,4,8,2020-09-27
4058,1,CHUQUISACA,10103,POROMA,40,15,0,0,15,2020-09-27
4059,2,LA PAZ,20305,CHARAÑA,40,15,6,0,9,2020-09-27
4060,2,LA PAZ,20601,SORATA,40,15,6,0,9,2020-09-27
4061,1,CHUQUISACA,10401,PADILLA,40,16,0,0,16,2020-09-27
4062,2,LA PAZ,20905,CAIROMA,40,16,0,0,16,2020-09-27
4063,3,COCHABAMBA,30502,VACAS,40,16,6,1,9,2020-09-27
4064,1,CHUQUISACA,10304,ICLA,40,17,4,0,13,2020-09-27
4065,3,COCHABAMBA,30403,ARBIETO,40,17,0,6,11,2020-09-27
4066,3,COCHABAMBA,31101,TAPACARI,40,17,4,3,10,2020-09-27
4067,3,COCHABAMBA,31202,POJO (CBBA),40,17,12,0,5,2020-09-27
4068,3,COCHABAMBA,31203,POCONA,40,17,1,1,15,2020-09-27
4069,9,PANDO,90202,SAN PEDRO(PND),40,17,17,0,0,2020-09-27
4070,9,PANDO,90203,FILADELFIA,40,17,2,1,14,2020-09-27
4071,3,COCHABAMBA,30203,OMEREQUE,40,18,4,1,13,2020-09-27
4072,3,COCHABAMBA,30402,ANZALDO,40,19,3,0,16,2020-09-27
4073,5,POTOSI,51103,CKOCHAS,40,19,11,1,7,2020-09-27
4074,1,CHUQUISACA,10402,TOMINA,40,20,2,0,18,2020-09-27
4075,5,POTOSI,50102,TINGUIPAYA,40,20,13,0,7,2020-09-27
4076,5,POTOSI,50204,CHUQUIHUTA AYLLU JUCUMANI,40,20,8,4,8,2020-09-27
4077,2,LA PAZ,20301,CORO CORO,40,22,4,1,17,2020-09-27
4078,2,LA PAZ,20803,TIAWANACU,40,22,15,0,7,2020-09-27
4079,5,POTOSI,51203,PORCO,40,22,3,2,17,2020-09-27
4080,2,LA PAZ,21201,PUCARANI,40,23,4,1,18,2020-09-27
4081,4,ORURO,41401,SANTIAGO DE HUARI,40,24,15,2,7,2020-09-27
4082,5,POTOSI,51401,LLICA,40,24,21,1,2,2020-09-27
4083,5,POTOSI,51402,TAHUA,40,24,20,1,3,2020-09-27
4084,2,LA PAZ,20103,MECAPACA,40,26,5,2,19,2020-09-27
4085,2,LA PAZ,21401,COROICO,40,26,0,2,24,2020-09-27
4086,4,ORURO,40202,SANTUARIO DE QUILLACAS,40,26,16,0,10,2020-09-27
4087,1,CHUQUISACA,10403,SOPACHUY,40,27,18,0,9,2020-09-27
4088,4,ORURO,40601,POOPO,40,28,10,1,17,2020-09-27
4089,1,CHUQUISACA,10301,ZUDAÑEZ,40,30,8,0,22,2020-09-27
4090,2,LA PAZ,21502,SAN BUENA VENTURA,40,30,17,1,12,2020-09-27
4091,3,COCHABAMBA,30501,ARANI,40,30,9,6,15,2020-09-27
4092,7,SANTA CRUZ,70803,MORO MORO,40,30,0,1,29,2020-09-27
4093,9,PANDO,90102,PORVENIR,40,30,3,2,25,2020-09-27
4094,1,CHUQUISACA,10201,AZURDUY,40,31,2,0,29,2020-09-27
4095,1,CHUQUISACA,10303,MOJOCOYA,40,31,17,2,12,2020-09-27
4096,4,ORURO,40102,CARACOLLO,40,31,14,10,7,2020-09-27
4097,5,POTOSI,50303,TACOBAMBA,40,31,26,0,5,2020-09-27
4098,7,SANTA CRUZ,70302,SAN MIGUEL DE VELASCO,40,31,1,3,27,2020-09-27
4099,3,COCHABAMBA,30702,SANTIVAÑES,40,32,5,1,26,2020-09-27
4100,2,LA PAZ,21104,PALOS BLANCOS,40,33,1,3,29,2020-09-27
4101,5,POTOSI,50402,RAVELO,40,33,12,1,20,2020-09-27
4102,7,SANTA CRUZ,70303,SAN RAFAEL,40,33,3,0,30,2020-09-27
4103,1,CHUQUISACA,10202,TARVITA,40,34,27,0,7,2020-09-27
4104,2,LA PAZ,21101,CHULUMANI (V. DE LA LIBERTAD),40,34,13,4,17,2020-09-27
4105,3,COCHABAMBA,30801,CLIZA,40,34,1,5,28,2020-09-27
4106,4,ORURO,40501,HUACHACALLA,40,34,3,5,26,2020-09-27
4107,5,POTOSI,50401,COLQUECHACA,40,34,26,1,7,2020-09-27
4108,7,SANTA CRUZ,70901,SAMAIPATA,40,34,0,2,32,2020-09-27
4109,2,LA PAZ,21701,COPACABANA,40,35,2,0,33,2020-09-27
4110,5,POTOSI,51601,SAN AGUSTIN,40,35,20,0,15,2020-09-27
4111,4,ORURO,40901,SABAYA,40,36,9,2,25,2020-09-27
4112,2,LA PAZ,20201,ACHACACHI,40,37,11,5,21,2020-09-27
4113,3,COCHABAMBA,30301,AYOPAYA (V. DE INDEPENDENCIA),40,37,17,2,18,2020-09-27
4114,2,LA PAZ,21402,CORIPATA,40,38,7,5,26,2020-09-27
4115,4,ORURO,40702,MACHACAMARCA,40,38,10,1,27,2020-09-27
4116,7,SANTA CRUZ,71201,SAN MATIAS,40,38,0,0,38,2020-09-27
4117,7,SANTA CRUZ,70705,GUTIERREZ,40,38,14,1,23,2020-09-27
4118,7,SANTA CRUZ,71302,SAIPINA,40,38,13,0,25,2020-09-27
4119,3,COCHABAMBA,31002,COLOMI,40,39,17,3,19,2020-09-27
4120,7,SANTA CRUZ,70701,LAGUNILLAS,40,39,32,0,7,2020-09-27
4121,7,SANTA CRUZ,71105,SAN ANTONIO DE LOMERÍO,40,39,0,7,32,2020-09-27
4122,7,SANTA CRUZ,71403,CARMEN RIVERO TORREZ,40,39,5,0,34,2020-09-27
4123,2,LA PAZ,20602,GUANAY,40,41,30,1,10,2020-09-27
4124,2,LA PAZ,21202,LAJA,40,42,4,5,33,2020-09-27
4125,5,POTOSI,50502,TORO TORO,40,42,19,1,22,2020-09-27
4126,6,TARIJA,60402,YUNCHARA,40,42,20,1,21,2020-09-27
4127,8,BENI,80402,EXALTACION,40,42,5,0,37,2020-09-27
4128,1,CHUQUISACA,10703,INCAHUASI,40,43,10,0,33,2020-09-27
4129,3,COCHABAMBA,30803,TOLATA,40,43,27,4,12,2020-09-27
4130,4,ORURO,41101,EUCALIPTUS,40,43,5,4,34,2020-09-27
4131,5,POTOSI,50403,POCOATA,40,43,23,6,14,2020-09-27
4132,3,COCHABAMBA,30201,AIQUILE,40,44,8,6,30,2020-09-27
4133,3,COCHABAMBA,30401,TARATA,40,44,4,10,30,2020-09-27
4134,9,PANDO,90303,SENA,40,44,12,0,32,2020-09-27
4135,1,CHUQUISACA,10601,TARABUCO,40,46,14,3,29,2020-09-27
4136,5,POTOSI,50202,CHAYANTA,40,46,17,2,27,2020-09-27
4137,9,PANDO,90103,BOLPEBRA,40,46,6,0,40,2020-09-27
4138,1,CHUQUISACA,11001,VILLA VACA GUZMAN (MUYUPAMPA),40,47,8,0,39,2020-09-27
4139,7,SANTA CRUZ,71502,URUBICHA,40,48,9,2,37,2020-09-27
4140,2,LA PAZ,21102,IRUPANA (VILLA DE LANZA),40,49,16,2,31,2020-09-27
4141,3,COCHABAMBA,31201,TOTORA(CBBA),40,49,10,1,38,2020-09-27
4142,7,SANTA CRUZ,70707,BOYUIBE,40,52,29,0,23,2020-09-27
4143,2,LA PAZ,21203,BATALLAS,40,54,7,2,45,2020-09-27
4144,7,SANTA CRUZ,70703,CABEZAS,40,56,0,1,55,2020-09-27
4145,8,BENI,80601,LORETO,40,56,55,1,0,2020-09-27
4146,2,LA PAZ,20104,ACHOCALLA,40,58,17,4,37,2020-09-27
4147,1,CHUQUISACA,10704,VILLA CHARCAS,40,59,17,2,40,2020-09-27
4148,7,SANTA CRUZ,71503,EL PUENTE (SCZ),40,62,0,5,57,2020-09-27
4149,2,LA PAZ,22001,CARANAVI,40,66,2,4,60,2020-09-27
4150,2,LA PAZ,21305,PATACAMAYA,40,67,3,7,57,2020-09-27
4151,2,LA PAZ,21004,COLQUIRI,40,68,2,7,59,2020-09-27
4152,1,CHUQUISACA,10602,YAMPARAEZ,40,69,23,2,44,2020-09-27
4153,1,CHUQUISACA,10902,CULPINA,40,72,31,5,36,2020-09-27
4154,7,SANTA CRUZ,71002,GRAL. SAAVEDRA,40,72,0,2,70,2020-09-27
4155,9,PANDO,90104,BELLA FLOR,40,72,46,0,26,2020-09-27
4156,5,POTOSI,51101,PUNA,40,73,34,2,37,2020-09-27
4157,5,POTOSI,51102,"CAIZA ""D""",40,75,30,1,44,2020-09-27
4158,5,POTOSI,51202,TOMAVE,40,75,32,0,43,2020-09-27
4159,1,CHUQUISACA,10302,PRESTO,40,76,35,1,40,2020-09-27
4160,5,POTOSI,50404,OCURI,40,76,46,1,29,2020-09-27
4161,7,SANTA CRUZ,71401,PUERTO SUAREZ,40,82,2,0,80,2020-09-27
4162,7,SANTA CRUZ,71501,ASCENCIÓN DE GUARAYOS,40,83,0,21,62,2020-09-27
4163,8,BENI,80301,REYES,40,84,74,5,5,2020-09-27
4164,1,CHUQUISACA,10702,SAN LUCAS,40,89,11,9,69,2020-09-27
4165,7,SANTA CRUZ,70902,PAMPA GRANDE,40,89,18,4,67,2020-09-27
4166,7,SANTA CRUZ,71102,SAN JAVIER,40,90,0,12,78,2020-09-27
4167,7,SANTA CRUZ,71301,COMARAPA,40,90,15,0,75,2020-09-27
4168,3,COCHABAMBA,31301,MIZQUE,40,91,18,3,70,2020-09-27
4169,1,CHUQUISACA,10102,YOTALA,40,93,15,1,77,2020-09-27
4170,8,BENI,80702,SAN RAMON BENI,40,96,0,3,93,2020-09-27
4171,7,SANTA CRUZ,70702,CHARAGUA,40,97,85,1,11,2020-09-27
4172,5,POTOSI,50602,VITICHI,40,98,77,0,21,2020-09-27
4173,8,BENI,80501,SAN IGNACIO,40,100,6,4,90,2020-09-27
4174,3,COCHABAMBA,31403,SAN BENITO,40,101,20,7,74,2020-09-27
4175,3,COCHABAMBA,30701,CAPINOTA,40,103,51,7,45,2020-09-27
4176,8,BENI,80602,SAN ANDRES,40,105,88,0,17,2020-09-27
4177,7,SANTA CRUZ,70903,MAIRANA,40,109,1,4,104,2020-09-27
4178,5,POTOSI,50802,ATOCHA,40,111,71,4,36,2020-09-27
4179,7,SANTA CRUZ,70401,BUENA VISTA,40,111,6,0,105,2020-09-27
4180,7,SANTA CRUZ,70801,VALLE GRANDE,40,113,30,5,78,2020-09-27
4181,1,CHUQUISACA,10701,CAMARGO,40,115,36,6,73,2020-09-27
4182,9,PANDO,90301,PUERTO GONZALO MORENO,40,117,57,0,60,2020-09-27
4183,1,CHUQUISACA,10501,MONTEAGUDO,40,119,42,1,76,2020-09-27
4184,9,PANDO,90302,SAN LORENZO(PND),40,125,40,0,85,2020-09-27
4185,7,SANTA CRUZ,70202,OKINAWA UNO,40,126,0,26,100,2020-09-27
4186,3,COCHABAMBA,31401,PUNATA,40,132,5,27,100,2020-09-27
4187,7,SANTA CRUZ,71003,MINEROS,40,135,0,11,124,2020-09-27
4188,8,BENI,80701,SAN JOAQUIN,40,138,3,6,129,2020-09-27
4189,9,PANDO,90201,PUERTO RICO,40,149,133,4,12,2020-09-27
4190,5,POTOSI,50601,COTAGAITA,40,150,139,1,10,2020-09-27
4191,7,SANTA CRUZ,70404,SAN JUAN DE YAPACANI,40,153,36,0,117,2020-09-27
4192,7,SANTA CRUZ,71103,SAN RAMON,40,153,0,18,135,2020-09-27
4193,7,SANTA CRUZ,70603,COLPA BÉLGICA,40,157,4,8,145,2020-09-27
4194,3,COCHABAMBA,31204,CHIMORE,40,161,1,12,148,2020-09-27
4195,8,BENI,80303,SANTA ROSA,40,162,129,1,32,2020-09-27
4196,7,SANTA CRUZ,71106,CUATRO CAÑADAS,40,163,0,28,135,2020-09-27
4197,3,COCHABAMBA,31003,VILLA TUNARI,40,165,12,17,136,2020-09-27
4198,6,TARIJA,60502,EL PUENTE(TJA),40,171,78,2,91,2020-09-27
4199,7,SANTA CRUZ,70602,SANTA ROSA DEL SARA,40,182,10,0,172,2020-09-27
4200,3,COCHABAMBA,30905,COLCAPIRHUA,40,196,71,27,98,2020-09-27
4201,5,POTOSI,51201,UYUNI,40,205,150,20,35,2020-09-27
4202,7,SANTA CRUZ,70103,PORONGO,40,212,34,1,177,2020-09-27
4203,7,SANTA CRUZ,71004,FERNÁNDEZ ALONSO,40,212,7,6,199,2020-09-27
4204,4,ORURO,40201,CHALLAPATA,40,222,180,3,39,2020-09-27
4205,7,SANTA CRUZ,71402,PUERTO QUIJARRO,40,230,10,1,219,2020-09-27
4206,6,TARIJA,60401,URIONDO (A. CONCEPCION),40,237,137,1,99,2020-09-27
4207,7,SANTA CRUZ,71104,SAN JULIÁN,40,239,0,28,211,2020-09-27
4208,3,COCHABAMBA,30902,SIPE SIPE,40,241,80,15,146,2020-09-27
4209,7,SANTA CRUZ,70501,SAN JOSÉ DE CHIQUITOS,40,245,0,23,222,2020-09-27
4210,3,COCHABAMBA,30903,TIQUIPAYA,40,252,65,23,164,2020-09-27
4211,3,COCHABAMBA,30904,VINTO,40,260,14,30,216,2020-09-27
4212,7,SANTA CRUZ,70601,PORTACHUELO,40,261,14,4,243,2020-09-27
4213,3,COCHABAMBA,31602,SHINAOTA,40,262,72,13,177,2020-09-27
4214,5,POTOSI,50901,"COLCHA ""K""",40,266,124,4,138,2020-09-27
4215,8,BENI,80401,SANTA ANA,40,278,50,7,221,2020-09-27
4216,7,SANTA CRUZ,70402,SAN CARLOS,40,280,9,0,271,2020-09-27
4217,7,SANTA CRUZ,71101,CONCEPCIÓN,40,287,0,16,271,2020-09-27
4218,7,SANTA CRUZ,70503,ROBORÉ,40,291,28,7,256,2020-09-27
4219,5,POTOSI,50301,BETANZOS,40,292,141,5,146,2020-09-27
4220,6,TARIJA,60302,CARAPARI,40,336,92,2,242,2020-09-27
4221,5,POTOSI,50801,TUPIZA,40,343,273,14,56,2020-09-27
4222,7,SANTA CRUZ,70301,SAN IGNACIO DE VELASCO,40,346,0,58,288,2020-09-27
4223,8,BENI,80302,SAN BORJA,40,377,301,8,68,2020-09-27
4224,8,BENI,80304,RURRENABAQUE,40,379,282,4,93,2020-09-27
4225,5,POTOSI,50201,UNCIA,40,382,306,0,76,2020-09-27
4226,6,TARIJA,60601,ENTRE RIOS TRJ,40,385,295,2,88,2020-09-27
4227,7,SANTA CRUZ,71005,SAN PEDRO,40,393,40,1,352,2020-09-27
4228,7,SANTA CRUZ,70502,PAILON,40,412,9,20,383,2020-09-27
4229,3,COCHABAMBA,31206,ENTRE RIOS CBBA,40,430,40,42,348,2020-09-27
4230,6,TARIJA,60201,PADCAYA,40,466,277,0,189,2020-09-27
4231,3,COCHABAMBA,31205,PUERTO VILLARROEL,40,473,62,33,378,2020-09-27
4232,8,BENI,80202,GUAYARAMERIN,40,491,46,29,416,2020-09-27
4233,4,ORURO,40701,HUANUNI,40,516,121,25,370,2020-09-27
4234,2,LA PAZ,20801,VIACHA,40,646,140,10,496,2020-09-27
4235,7,SANTA CRUZ,70706,CAMIRI,40,662,171,9,482,2020-09-27
4236,6,TARIJA,60501,SAN LORENZO(TJA),40,663,282,5,376,2020-09-27
4237,8,BENI,80201,RIBERALTA,40,700,239,66,395,2020-09-27
4238,7,SANTA CRUZ,70403,YAPACANI,40,727,21,0,706,2020-09-27
4239,5,POTOSI,51501,VILLAZON,40,759,502,17,240,2020-09-27
4240,6,TARIJA,60303,VILLA MONTES,40,774,349,21,404,2020-09-27
4241,7,SANTA CRUZ,70201,WARNES,40,831,0,92,739,2020-09-27
4242,3,COCHABAMBA,31001,SACABA,40,876,274,77,525,2020-09-27
4243,5,POTOSI,50203,LLALLAGUA,40,943,590,17,336,2020-09-27
4244,7,SANTA CRUZ,70105,EL TORNO,40,1102,92,31,979,2020-09-27
4245,7,SANTA CRUZ,70102,COTOCA,40,1189,52,14,1123,2020-09-27
4246,6,TARIJA,60202,BERMEJO,40,1247,1080,33,134,2020-09-27
4247,3,COCHABAMBA,30901,QUILLACOLLO,40,1263,335,87,841,2020-09-27
4248,7,SANTA CRUZ,70104,LA GUARDIA,40,1436,163,8,1265,2020-09-27
4249,9,PANDO,90101,COBIJA,40,1714,1325,157,232,2020-09-27
4250,6,TARIJA,60301,YACUIBA,40,2445,1848,87,510,2020-09-27
4251,7,SANTA CRUZ,71001,MONTERO,40,2990,0,196,2794,2020-09-27
4252,5,POTOSI,50101,POTOSI,40,4150,2755,136,1259,2020-09-27
4253,8,BENI,80101,TRINIDAD,40,4171,2729,227,1215,2020-09-27
4254,4,ORURO,40101,ORURO,40,4685,2223,239,2223,2020-09-27
4255,1,CHUQUISACA,10101,SUCRE,40,6086,1433,455,4198,2020-09-27
4256,6,TARIJA,60101,TARIJA,40,7868,2063,169,5636,2020-09-27
4257,3,COCHABAMBA,30101,COCHABAMBA,40,8106,155,663,7288,2020-09-27
4258,2,LA PAZ,20105,EL ALTO,40,9441,2060,292,7089,2020-09-27
4259,2,LA PAZ,20101,LA PAZ,40,23282,5002,663,17617,2020-09-27
4260,7,SANTA CRUZ,70101,SANTA CRUZ,40,27931,1059,1765,25107,2020-09-27
4261,2,LA PAZ,20302,CAQUIAVIRI,41,1,0,0,1,2020-10-04
4262,2,LA PAZ,20403,PUERTO CARABUCO,41,1,0,0,1,2020-10-04
4263,2,LA PAZ,20603,TACACOMA,41,1,0,0,1,2020-10-04
4264,2,LA PAZ,20901,LURIBAY,41,1,0,0,1,2020-10-04
4265,2,LA PAZ,21005,ICHOCA,41,1,0,0,1,2020-10-04
4266,2,LA PAZ,21006,LICOMA PAMPA,41,1,0,0,1,2020-10-04
4267,2,LA PAZ,21307,COLLANA,41,1,0,0,1,2020-10-04
4268,2,LA PAZ,21501,IXIAMAS,41,1,1,0,0,2020-10-04
4269,2,LA PAZ,21703,TITO YUPANQUI (PARQUIPUJIO),41,1,1,0,0,2020-10-04
4270,2,LA PAZ,21802,PAPEL PAMPA,41,1,0,0,1,2020-10-04
4271,3,COCHABAMBA,30302,MOROCHATA,41,1,0,1,0,2020-10-04
4272,3,COCHABAMBA,30404,SACABAMBA,41,1,0,0,1,2020-10-04
4273,3,COCHABAMBA,31404,TACACHI,41,1,0,1,0,2020-10-04
4274,4,ORURO,40301,CORQUE,41,1,1,0,0,2020-10-04
4275,4,ORURO,40504,YUNGUYO DE LITORAL,41,1,0,0,1,2020-10-04
4276,4,ORURO,40902,COIPASA,41,1,0,0,1,2020-10-04
4277,7,SANTA CRUZ,70804,POSTRER VALLE,41,1,1,0,0,2020-10-04
4278,7,SANTA CRUZ,70805,PUCARA,41,1,1,0,0,2020-10-04
4279,1,CHUQUISACA,10502,HUACARETA,41,2,2,0,0,2020-10-04
4280,2,LA PAZ,20203,CHUA COCANI,41,2,1,0,1,2020-10-04
4281,2,LA PAZ,20205,SANTIAGO DE HUATA,41,2,1,0,1,2020-10-04
4282,2,LA PAZ,20206,HUATAJATA,41,2,0,0,2,2020-10-04
4283,2,LA PAZ,20307,NAZACARA DE PACAJES,41,2,1,0,1,2020-10-04
4284,2,LA PAZ,20402,MOCOMOCO,41,2,0,0,2,2020-10-04
4285,2,LA PAZ,20501,CHUMA,41,2,0,0,2,2020-10-04
4286,2,LA PAZ,20502,AYATA,41,2,0,0,2,2020-10-04
4287,2,LA PAZ,20606,TIPUANI,41,2,1,0,1,2020-10-04
4288,2,LA PAZ,20607,MAPIRI,41,2,0,1,1,2020-10-04
4289,2,LA PAZ,20701,APOLO,41,2,0,0,2,2020-10-04
4290,2,LA PAZ,20702,PELECHUCO,41,2,1,0,1,2020-10-04
4291,2,LA PAZ,21003,CAJUATA,41,2,0,1,1,2020-10-04
4292,2,LA PAZ,21204,PUERTO PEREZ,41,2,2,0,0,2020-10-04
4293,2,LA PAZ,21902,CATACORA,41,2,2,0,0,2020-10-04
4294,3,COCHABAMBA,30202,PASORAPA,41,2,0,0,2,2020-10-04
4295,3,COCHABAMBA,30303,COCAPATA,41,2,0,1,1,2020-10-04
4296,3,COCHABAMBA,31302,VILA VILA,41,2,0,0,2,2020-10-04
4297,4,ORURO,40104,SORACACHI,41,2,0,1,1,2020-10-04
4298,5,POTOSI,50103,YOCALLA,41,2,1,1,0,2020-10-04
4299,8,BENI,80703,PUERTO SILES,41,2,0,0,2,2020-10-04
4300,1,CHUQUISACA,10405,EL VILLAR,41,3,1,0,2,2020-10-04
4301,2,LA PAZ,20202,ANCORAIMES,41,3,1,0,2,2020-10-04
4302,2,LA PAZ,20306,WALDO BALLIVIAN,41,3,1,0,2,2020-10-04
4303,2,LA PAZ,20401,PUERTO ACOSTA,41,3,0,0,3,2020-10-04
4304,2,LA PAZ,20802,GUAQUI,41,3,1,0,2,2020-10-04
4305,4,ORURO,40802,PAMPA AULLAGAS,41,3,2,0,1,2020-10-04
4306,4,ORURO,41501,LA RIVERA,41,3,1,0,2,2020-10-04
4307,1,CHUQUISACA,11003,MACHARETI,41,4,0,0,4,2020-10-04
4308,2,LA PAZ,20303,CALACOTO,41,4,2,0,2,2020-10-04
4309,2,LA PAZ,20405,ESCOMA,41,4,0,1,3,2020-10-04
4310,2,LA PAZ,20804,DESAGUADERO,41,4,1,0,3,2020-10-04
4311,2,LA PAZ,20903,YACO,41,4,2,0,2,2020-10-04
4312,2,LA PAZ,21601,GRAL. J.J. PEREZ (CHARAZANI),41,4,3,0,1,2020-10-04
4313,2,LA PAZ,21901,SANTIAGO DE MACHACA,41,4,1,0,3,2020-10-04
4314,3,COCHABAMBA,30601,ARQUE,41,4,1,2,1,2020-10-04
4315,4,ORURO,40402,TURCO,41,4,2,0,2,2020-10-04
4316,4,ORURO,40602,PAZÑA,41,4,0,0,4,2020-10-04
4317,5,POTOSI,50702,CARIPUYO,41,4,4,0,0,2020-10-04
4318,2,LA PAZ,21306,COLQUENCHA,41,5,0,0,5,2020-10-04
4319,2,LA PAZ,21803,CHACARILLA,41,5,4,0,1,2020-10-04
4320,2,LA PAZ,22002,ALTO BENI,41,5,2,1,2,2020-10-04
4321,3,COCHABAMBA,30602,TACOPAYA,41,5,2,0,3,2020-10-04
4322,4,ORURO,40502,ESCARA,41,5,2,0,3,2020-10-04
4323,4,ORURO,41201,ANDAMARCA,41,5,5,0,0,2020-10-04
4324,4,ORURO,41301,TOTORA(ORR),41,5,5,0,0,2020-10-04
4325,5,POTOSI,50104,BELEN DE URMIRI,41,5,2,0,3,2020-10-04
4326,5,POTOSI,50902,SAN PEDRO DE QUEMES,41,5,0,0,5,2020-10-04
4327,5,POTOSI,51001,SAN PABLO DE LIPEZ,41,5,0,0,5,2020-10-04
4328,2,LA PAZ,20904,MALLA,41,6,0,0,6,2020-10-04
4329,2,LA PAZ,21702,SAN PEDRO DE TIQUINA,41,6,0,0,6,2020-10-04
4330,3,COCHABAMBA,31501,BOLIVAR,41,6,0,0,6,2020-10-04
4331,4,ORURO,41601,HUAYLLAMARCA,41,6,3,2,1,2020-10-04
4332,5,POTOSI,51301,ARAMPAMPA,41,6,5,1,0,2020-10-04
4333,3,COCHABAMBA,30802,TOCO,41,7,0,3,4,2020-10-04
4334,4,ORURO,40505,ESMERALDA,41,7,0,0,7,2020-10-04
4335,8,BENI,80801,MAGDALENA,41,7,7,0,0,2020-10-04
4336,9,PANDO,90501,NUEVO MANOA (NUEVA ESPERANZA),41,7,7,0,0,2020-10-04
4337,9,PANDO,90503,EUREKA (SANTOS MERCADO),41,7,7,0,0,2020-10-04
4338,2,LA PAZ,20102,PALCA,41,8,8,0,0,2020-10-04
4339,2,LA PAZ,20608,TEOPONTE,41,8,1,0,7,2020-10-04
4340,2,LA PAZ,20902,SAPAHAQUI,41,8,3,0,5,2020-10-04
4341,3,COCHABAMBA,30703,SICAYA,41,8,3,0,5,2020-10-04
4342,4,ORURO,40603,ANTEQUERA,41,8,1,0,7,2020-10-04
4343,1,CHUQUISACA,10901,CAMATAQUI (C. VILLA ABECIA),41,9,6,0,3,2020-10-04
4344,2,LA PAZ,20304,COMANCHE,41,9,6,1,2,2020-10-04
4345,2,LA PAZ,21304,CALAMARCA,41,9,3,0,6,2020-10-04
4346,4,ORURO,40401,CURAHUARA DE CARANGAS,41,9,6,1,2,2020-10-04
4347,1,CHUQUISACA,10404,ALCALA,41,10,0,0,10,2020-10-04
4348,3,COCHABAMBA,31402,VILLA RIVERO,41,10,5,0,5,2020-10-04
4349,9,PANDO,90502,VILLA NUEVA (LOMA ALTA),41,10,0,0,10,2020-10-04
4350,5,POTOSI,50302,CHAQUI,41,11,11,0,0,2020-10-04
4351,5,POTOSI,50701,SACACA,41,11,8,3,0,2020-10-04
4352,2,LA PAZ,21001,INQUISIVI,41,12,4,0,8,2020-10-04
4353,2,LA PAZ,21105,LA ASUNTA,41,12,2,1,9,2020-10-04
4354,2,LA PAZ,21301,SICA SICA (VILLA AROMA),41,12,1,3,8,2020-10-04
4355,5,POTOSI,51302,ACACIO,41,12,12,0,0,2020-10-04
4356,2,LA PAZ,21002,QUIME,41,13,2,1,10,2020-10-04
4357,4,ORURO,40801,SALINAS DE GARCI MENDOZA,41,13,9,1,3,2020-10-04
4358,7,SANTA CRUZ,70802,TRIGAL,41,13,3,0,10,2020-10-04
4359,7,SANTA CRUZ,70904,QUIRUSILLAS,41,13,0,1,12,2020-10-04
4360,8,BENI,80102,SAN JAVIER(BNI),41,13,0,0,13,2020-10-04
4361,9,PANDO,90401,NACEBE (SANTA ROSA DEL ABUNA),41,13,8,1,4,2020-10-04
4362,1,CHUQUISACA,10801,VILLA SERRANO,41,14,4,0,10,2020-10-04
4363,2,LA PAZ,20806,JESUS DE MACHACA,41,14,9,0,5,2020-10-04
4364,2,LA PAZ,21103,YANACACHI,41,14,5,0,9,2020-10-04
4365,2,LA PAZ,21302,UMALA,41,14,0,3,11,2020-10-04
4366,3,COCHABAMBA,31601,TIRAQUE (CBBA),41,14,0,4,10,2020-10-04
4367,4,ORURO,41001,TOLEDO,41,14,6,2,6,2020-10-04
4368,5,POTOSI,50501,SAN PEDRO DE BUENA VISTA,41,14,5,1,8,2020-10-04
4369,1,CHUQUISACA,10103,POROMA,41,15,0,0,15,2020-10-04
4370,2,LA PAZ,20305,CHARAÑA,41,15,6,0,9,2020-10-04
4371,2,LA PAZ,20601,SORATA,41,15,6,0,9,2020-10-04
4372,2,LA PAZ,20905,CAIROMA,41,16,0,0,16,2020-10-04
4373,3,COCHABAMBA,30502,VACAS,41,16,6,1,9,2020-10-04
4374,1,CHUQUISACA,10304,ICLA,41,17,4,0,13,2020-10-04
4375,1,CHUQUISACA,10401,PADILLA,41,17,1,0,16,2020-10-04
4376,1,CHUQUISACA,10903,LAS CARRERAS,41,17,5,0,12,2020-10-04
4377,3,COCHABAMBA,30403,ARBIETO,41,17,0,6,11,2020-10-04
4378,3,COCHABAMBA,31202,POJO (CBBA),41,17,12,0,5,2020-10-04
4379,3,COCHABAMBA,31203,POCONA,41,17,1,1,15,2020-10-04
4380,9,PANDO,90202,SAN PEDRO(PND),41,17,17,0,0,2020-10-04
4381,9,PANDO,90203,FILADELFIA,41,17,2,1,14,2020-10-04
4382,3,COCHABAMBA,30203,OMEREQUE,41,18,1,2,15,2020-10-04
4383,3,COCHABAMBA,31101,TAPACARI,41,18,5,3,10,2020-10-04
4384,3,COCHABAMBA,30402,ANZALDO,41,19,3,0,16,2020-10-04
4385,5,POTOSI,50102,TINGUIPAYA,41,20,13,0,7,2020-10-04
4386,5,POTOSI,50204,CHUQUIHUTA AYLLU JUCUMANI,41,20,8,4,8,2020-10-04
4387,5,POTOSI,51103,CKOCHAS,41,20,2,1,17,2020-10-04
4388,2,LA PAZ,20301,CORO CORO,41,22,4,1,17,2020-10-04
4389,2,LA PAZ,20803,TIAWANACU,41,22,15,0,7,2020-10-04
4390,5,POTOSI,51203,PORCO,41,22,3,2,17,2020-10-04
4391,1,CHUQUISACA,10402,TOMINA,41,23,5,0,18,2020-10-04
4392,2,LA PAZ,21201,PUCARANI,41,23,4,1,18,2020-10-04
4393,4,ORURO,41401,SANTIAGO DE HUARI,41,24,12,2,10,2020-10-04
4394,5,POTOSI,51401,LLICA,41,24,18,1,5,2020-10-04
4395,5,POTOSI,51402,TAHUA,41,24,15,1,8,2020-10-04
4396,2,LA PAZ,21401,COROICO,41,26,0,2,24,2020-10-04
4397,2,LA PAZ,20103,MECAPACA,41,27,6,2,19,2020-10-04
4398,4,ORURO,40202,SANTUARIO DE QUILLACAS,41,28,13,0,15,2020-10-04
4399,4,ORURO,40601,POOPO,41,28,6,1,21,2020-10-04
4400,2,LA PAZ,21502,SAN BUENA VENTURA,41,30,16,1,13,2020-10-04
4401,3,COCHABAMBA,30501,ARANI,41,30,9,6,15,2020-10-04
4402,7,SANTA CRUZ,70803,MORO MORO,41,30,0,1,29,2020-10-04
4403,9,PANDO,90102,PORVENIR,41,30,3,2,25,2020-10-04
4404,1,CHUQUISACA,10201,AZURDUY,41,31,2,0,29,2020-10-04
4405,1,CHUQUISACA,10403,SOPACHUY,41,31,15,0,16,2020-10-04
4406,4,ORURO,40102,CARACOLLO,41,31,14,10,7,2020-10-04
4407,5,POTOSI,50303,TACOBAMBA,41,31,26,0,5,2020-10-04
4408,7,SANTA CRUZ,70302,SAN MIGUEL DE VELASCO,41,31,0,3,28,2020-10-04
4409,3,COCHABAMBA,30702,SANTIVAÑES,41,32,5,1,26,2020-10-04
4410,2,LA PAZ,21104,PALOS BLANCOS,41,33,1,3,29,2020-10-04
4411,5,POTOSI,50402,RAVELO,41,33,12,1,20,2020-10-04
4412,7,SANTA CRUZ,70303,SAN RAFAEL,41,33,3,0,30,2020-10-04
4413,1,CHUQUISACA,10202,TARVITA,41,34,27,0,7,2020-10-04
4414,2,LA PAZ,21101,CHULUMANI (V. DE LA LIBERTAD),41,34,12,4,18,2020-10-04
4415,3,COCHABAMBA,30801,CLIZA,41,34,1,5,28,2020-10-04
4416,4,ORURO,40501,HUACHACALLA,41,34,1,5,28,2020-10-04
4417,5,POTOSI,50401,COLQUECHACA,41,34,26,1,7,2020-10-04
4418,7,SANTA CRUZ,70901,SAMAIPATA,41,34,0,2,32,2020-10-04
4419,1,CHUQUISACA,10303,MOJOCOYA,41,35,21,2,12,2020-10-04
4420,2,LA PAZ,21701,COPACABANA,41,35,2,0,33,2020-10-04
4421,1,CHUQUISACA,10301,ZUDAÑEZ,41,36,14,0,22,2020-10-04
4422,2,LA PAZ,20201,ACHACACHI,41,37,11,5,21,2020-10-04
4423,2,LA PAZ,21402,CORIPATA,41,37,6,5,26,2020-10-04
4424,3,COCHABAMBA,30301,AYOPAYA (V. DE INDEPENDENCIA),41,37,8,2,27,2020-10-04
4425,4,ORURO,40702,MACHACAMARCA,41,38,10,1,27,2020-10-04
4426,4,ORURO,40901,SABAYA,41,38,12,1,25,2020-10-04
4427,5,POTOSI,51601,SAN AGUSTIN,41,38,7,0,31,2020-10-04
4428,7,SANTA CRUZ,71201,SAN MATIAS,41,38,0,0,38,2020-10-04
4429,3,COCHABAMBA,31002,COLOMI,41,39,17,3,19,2020-10-04
4430,7,SANTA CRUZ,70701,LAGUNILLAS,41,39,32,0,7,2020-10-04
4431,7,SANTA CRUZ,71105,SAN ANTONIO DE LOMERÍO,41,39,0,7,32,2020-10-04
4432,7,SANTA CRUZ,71403,CARMEN RIVERO TORREZ,41,39,5,0,34,2020-10-04
4433,7,SANTA CRUZ,71302,SAIPINA,41,39,14,0,25,2020-10-04
4434,2,LA PAZ,20602,GUANAY,41,41,29,1,11,2020-10-04
4435,7,SANTA CRUZ,70705,GUTIERREZ,41,41,14,1,26,2020-10-04
4436,2,LA PAZ,21202,LAJA,41,42,4,5,33,2020-10-04
4437,6,TARIJA,60402,YUNCHARA,41,42,9,1,32,2020-10-04
4438,8,BENI,80402,EXALTACION,41,42,5,0,37,2020-10-04
4439,4,ORURO,41101,EUCALIPTUS,41,43,5,4,34,2020-10-04
4440,5,POTOSI,50403,POCOATA,41,43,23,6,14,2020-10-04
4441,3,COCHABAMBA,30401,TARATA,41,44,3,10,31,2020-10-04
4442,9,PANDO,90303,SENA,41,44,12,0,32,2020-10-04
4443,1,CHUQUISACA,10703,INCAHUASI,41,45,11,0,34,2020-10-04
4444,3,COCHABAMBA,30201,AIQUILE,41,45,5,7,33,2020-10-04
4445,5,POTOSI,50202,CHAYANTA,41,46,17,2,27,2020-10-04
4446,9,PANDO,90103,BOLPEBRA,41,46,6,0,40,2020-10-04
4447,1,CHUQUISACA,10601,TARABUCO,41,47,14,3,30,2020-10-04
4448,5,POTOSI,50502,TORO TORO,41,47,11,1,35,2020-10-04
4449,7,SANTA CRUZ,71502,URUBICHA,41,48,9,2,37,2020-10-04
4450,2,LA PAZ,21102,IRUPANA (VILLA DE LANZA),41,49,15,2,32,2020-10-04
4451,3,COCHABAMBA,30803,TOLATA,41,49,30,5,14,2020-10-04
4452,3,COCHABAMBA,31201,TOTORA(CBBA),41,49,10,1,38,2020-10-04
4453,7,SANTA CRUZ,70707,BOYUIBE,41,52,16,0,36,2020-10-04
4454,2,LA PAZ,21203,BATALLAS,41,54,7,2,45,2020-10-04
4455,7,SANTA CRUZ,70703,CABEZAS,41,56,0,1,55,2020-10-04
4456,8,BENI,80601,LORETO,41,56,43,2,11,2020-10-04
4457,2,LA PAZ,20104,ACHOCALLA,41,58,13,5,40,2020-10-04
4458,1,CHUQUISACA,10704,VILLA CHARCAS,41,61,15,2,44,2020-10-04
4459,7,SANTA CRUZ,71503,EL PUENTE (SCZ),41,62,0,5,57,2020-10-04
4460,1,CHUQUISACA,11001,VILLA VACA GUZMAN (MUYUPAMPA),41,66,27,0,39,2020-10-04
4461,2,LA PAZ,22001,CARANAVI,41,66,2,4,60,2020-10-04
4462,2,LA PAZ,21305,PATACAMAYA,41,67,3,7,57,2020-10-04
4463,2,LA PAZ,21004,COLQUIRI,41,68,1,7,60,2020-10-04
4464,1,CHUQUISACA,10602,YAMPARAEZ,41,72,26,2,44,2020-10-04
4465,7,SANTA CRUZ,71002,GRAL. SAAVEDRA,41,72,0,2,70,2020-10-04
4466,9,PANDO,90104,BELLA FLOR,41,72,46,0,26,2020-10-04
4467,1,CHUQUISACA,10302,PRESTO,41,76,26,1,49,2020-10-04
4468,5,POTOSI,50404,OCURI,41,76,46,1,29,2020-10-04
4469,5,POTOSI,51102,"CAIZA ""D""",41,77,32,1,44,2020-10-04
4470,5,POTOSI,51202,TOMAVE,41,80,37,0,43,2020-10-04
4471,7,SANTA CRUZ,71401,PUERTO SUAREZ,41,82,2,0,80,2020-10-04
4472,7,SANTA CRUZ,71501,ASCENCIÓN DE GUARAYOS,41,83,0,21,62,2020-10-04
4473,8,BENI,80301,REYES,41,84,72,7,5,2020-10-04
4474,5,POTOSI,51101,PUNA,41,87,47,2,38,2020-10-04
4475,1,CHUQUISACA,10702,SAN LUCAS,41,89,11,9,69,2020-10-04
4476,1,CHUQUISACA,10902,CULPINA,41,89,48,5,36,2020-10-04
4477,7,SANTA CRUZ,71102,SAN JAVIER,41,90,0,12,78,2020-10-04
4478,3,COCHABAMBA,31301,MIZQUE,41,91,17,4,70,2020-10-04
4479,7,SANTA CRUZ,70902,PAMPA GRANDE,41,91,19,4,68,2020-10-04
4480,7,SANTA CRUZ,71301,COMARAPA,41,91,16,0,75,2020-10-04
4481,8,BENI,80702,SAN RAMON BENI,41,96,0,3,93,2020-10-04
4482,5,POTOSI,50602,VITICHI,41,98,76,0,22,2020-10-04
4483,1,CHUQUISACA,10102,YOTALA,41,99,21,1,77,2020-10-04
4484,8,BENI,80501,SAN IGNACIO,41,100,6,4,90,2020-10-04
4485,7,SANTA CRUZ,70702,CHARAGUA,41,102,82,1,19,2020-10-04
4486,3,COCHABAMBA,30701,CAPINOTA,41,103,50,7,46,2020-10-04
4487,3,COCHABAMBA,31403,SAN BENITO,41,103,22,7,74,2020-10-04
4488,8,BENI,80602,SAN ANDRES,41,105,87,0,18,2020-10-04
4489,7,SANTA CRUZ,70903,MAIRANA,41,109,1,4,104,2020-10-04
4490,7,SANTA CRUZ,70401,BUENA VISTA,41,111,6,0,105,2020-10-04
4491,5,POTOSI,50802,ATOCHA,41,114,74,4,36,2020-10-04
4492,9,PANDO,90301,PUERTO GONZALO MORENO,41,117,57,0,60,2020-10-04
4493,7,SANTA CRUZ,70801,VALLE GRANDE,41,118,33,5,80,2020-10-04
4494,1,CHUQUISACA,10701,CAMARGO,41,123,43,6,74,2020-10-04
4495,9,PANDO,90302,SAN LORENZO(PND),41,125,40,0,85,2020-10-04
4496,1,CHUQUISACA,10501,MONTEAGUDO,41,126,47,1,78,2020-10-04
4497,7,SANTA CRUZ,70202,OKINAWA UNO,41,128,2,26,100,2020-10-04
4498,3,COCHABAMBA,31401,PUNATA,41,133,6,27,100,2020-10-04
4499,7,SANTA CRUZ,71003,MINEROS,41,135,0,11,124,2020-10-04
4500,8,BENI,80701,SAN JOAQUIN,41,138,3,6,129,2020-10-04
4501,9,PANDO,90201,PUERTO RICO,41,149,133,4,12,2020-10-04
4502,7,SANTA CRUZ,70404,SAN JUAN DE YAPACANI,41,153,36,0,117,2020-10-04
4503,7,SANTA CRUZ,71103,SAN RAMON,41,153,0,18,135,2020-10-04
4504,7,SANTA CRUZ,70603,COLPA BÉLGICA,41,160,5,8,147,2020-10-04
4505,3,COCHABAMBA,31204,CHIMORE,41,162,2,12,148,2020-10-04
4506,5,POTOSI,50601,COTAGAITA,41,163,145,1,17,2020-10-04
4507,7,SANTA CRUZ,71106,CUATRO CAÑADAS,41,163,0,28,135,2020-10-04
4508,3,COCHABAMBA,31003,VILLA TUNARI,41,165,6,18,141,2020-10-04
4509,6,TARIJA,60502,EL PUENTE(TJA),41,171,34,2,135,2020-10-04
4510,8,BENI,80303,SANTA ROSA,41,173,140,1,32,2020-10-04
4511,7,SANTA CRUZ,70602,SANTA ROSA DEL SARA,41,182,10,0,172,2020-10-04
4512,3,COCHABAMBA,30905,COLCAPIRHUA,41,197,69,28,100,2020-10-04
4513,5,POTOSI,51201,UYUNI,41,208,152,20,36,2020-10-04
4514,7,SANTA CRUZ,71004,FERNÁNDEZ ALONSO,41,212,7,6,199,2020-10-04
4515,7,SANTA CRUZ,70103,PORONGO,41,216,38,1,177,2020-10-04
4516,4,ORURO,40201,CHALLAPATA,41,227,124,3,100,2020-10-04
4517,7,SANTA CRUZ,71402,PUERTO QUIJARRO,41,230,10,1,219,2020-10-04
4518,6,TARIJA,60401,URIONDO (A. CONCEPCION),41,237,121,1,115,2020-10-04
4519,7,SANTA CRUZ,71104,SAN JULIÁN,41,239,0,28,211,2020-10-04
4520,3,COCHABAMBA,30902,SIPE SIPE,41,243,80,15,148,2020-10-04
4521,7,SANTA CRUZ,70501,SAN JOSÉ DE CHIQUITOS,41,245,0,23,222,2020-10-04
4522,3,COCHABAMBA,30903,TIQUIPAYA,41,254,65,24,165,2020-10-04
4523,7,SANTA CRUZ,70601,PORTACHUELO,41,261,14,4,243,2020-10-04
4524,3,COCHABAMBA,30904,VINTO,41,262,11,31,220,2020-10-04
4525,3,COCHABAMBA,31602,SHINAOTA,41,262,71,13,178,2020-10-04
4526,8,BENI,80401,SANTA ANA,41,278,45,7,226,2020-10-04
4527,7,SANTA CRUZ,70402,SAN CARLOS,41,281,10,0,271,2020-10-04
4528,7,SANTA CRUZ,71101,CONCEPCIÓN,41,287,0,16,271,2020-10-04
4529,5,POTOSI,50301,BETANZOS,41,292,127,5,160,2020-10-04
4530,7,SANTA CRUZ,70503,ROBORÉ,41,293,30,7,256,2020-10-04
4531,5,POTOSI,50901,"COLCHA ""K""",41,307,120,4,183,2020-10-04
4532,7,SANTA CRUZ,70301,SAN IGNACIO DE VELASCO,41,346,0,61,285,2020-10-04
4533,6,TARIJA,60302,CARAPARI,41,351,77,2,272,2020-10-04
4534,5,POTOSI,50801,TUPIZA,41,355,247,16,92,2020-10-04
4535,8,BENI,80302,SAN BORJA,41,377,169,8,200,2020-10-04
4536,8,BENI,80304,RURRENABAQUE,41,380,281,6,93,2020-10-04
4537,6,TARIJA,60601,ENTRE RIOS TRJ,41,389,264,2,123,2020-10-04
4538,7,SANTA CRUZ,71005,SAN PEDRO,41,394,41,1,352,2020-10-04
4539,7,SANTA CRUZ,70502,PAILON,41,413,10,20,383,2020-10-04
4540,5,POTOSI,50201,UNCIA,41,418,336,0,82,2020-10-04
4541,3,COCHABAMBA,31206,ENTRE RIOS CBBA,41,430,40,42,348,2020-10-04
4542,3,COCHABAMBA,31205,PUERTO VILLARROEL,41,473,60,33,380,2020-10-04
4543,6,TARIJA,60201,PADCAYA,41,486,226,1,259,2020-10-04
4544,8,BENI,80202,GUAYARAMERIN,41,491,46,29,416,2020-10-04
4545,4,ORURO,40701,HUANUNI,41,520,119,25,376,2020-10-04
4546,6,TARIJA,60501,SAN LORENZO(TJA),41,663,259,5,399,2020-10-04
4547,2,LA PAZ,20801,VIACHA,41,665,144,10,511,2020-10-04
4548,7,SANTA CRUZ,70706,CAMIRI,41,678,187,9,482,2020-10-04
4549,8,BENI,80201,RIBERALTA,41,701,240,66,395,2020-10-04
4550,7,SANTA CRUZ,70403,YAPACANI,41,727,21,0,706,2020-10-04
4551,5,POTOSI,51501,VILLAZON,41,813,539,17,257,2020-10-04
4552,7,SANTA CRUZ,70201,WARNES,41,831,0,96,735,2020-10-04
4553,3,COCHABAMBA,31001,SACABA,41,880,179,78,623,2020-10-04
4554,6,TARIJA,60303,VILLA MONTES,41,885,414,22,449,2020-10-04
4555,5,POTOSI,50203,LLALLAGUA,41,949,580,17,352,2020-10-04
4556,7,SANTA CRUZ,70105,EL TORNO,41,1114,88,31,995,2020-10-04
4557,7,SANTA CRUZ,70102,COTOCA,41,1191,54,14,1123,2020-10-04
4558,3,COCHABAMBA,30901,QUILLACOLLO,41,1270,193,92,985,2020-10-04
4559,7,SANTA CRUZ,70104,LA GUARDIA,41,1442,158,8,1276,2020-10-04
4560,6,TARIJA,60202,BERMEJO,41,1508,1228,35,245,2020-10-04
4561,9,PANDO,90101,COBIJA,41,1715,1324,157,234,2020-10-04
4562,6,TARIJA,60301,YACUIBA,41,2479,1747,90,642,2020-10-04
4563,7,SANTA CRUZ,71001,MONTERO,41,3002,0,230,2772,2020-10-04
4564,8,BENI,80101,TRINIDAD,41,4190,2419,225,1546,2020-10-04
4565,5,POTOSI,50101,POTOSI,41,4231,2732,139,1360,2020-10-04
4566,4,ORURO,40101,ORURO,41,4755,2202,244,2309,2020-10-04
4567,1,CHUQUISACA,10101,SUCRE,41,6163,1155,458,4550,2020-10-04
4568,6,TARIJA,60101,TARIJA,41,8118,1749,181,6188,2020-10-04
4569,3,COCHABAMBA,30101,COCHABAMBA,41,8182,124,688,7370,2020-10-04
4570,2,LA PAZ,20105,EL ALTO,41,9522,1908,299,7315,2020-10-04
4571,2,LA PAZ,20101,LA PAZ,41,23359,4528,690,18141,2020-10-04
4572,7,SANTA CRUZ,70101,SANTA CRUZ,41,28191,1139,1832,25220,2020-10-04
4573,1,CHUQUISACA,10101,SUCRE,44,6432,593,471,5368,2020-10-25
4574,1,CHUQUISACA,10102,YOTALA,44,105,0,1,104,2020-10-25
4575,1,CHUQUISACA,10103,POROMA,44,15,0,0,15,2020-10-25
4576,1,CHUQUISACA,10201,AZURDUY,44,31,2,0,29,2020-10-25
4577,1,CHUQUISACA,10202,TARVITA,44,34,27,0,7,2020-10-25
4578,1,CHUQUISACA,10301,ZUDAÑEZ,44,42,17,0,25,2020-10-25
4579,1,CHUQUISACA,10302,PRESTO,44,76,8,1,67,2020-10-25
4580,1,CHUQUISACA,10303,MOJOCOYA,44,35,12,2,21,2020-10-25
4581,1,CHUQUISACA,10304,ICLA,44,17,2,0,15,2020-10-25
4582,1,CHUQUISACA,10401,PADILLA,44,19,3,0,16,2020-10-25
4583,1,CHUQUISACA,10402,TOMINA,44,23,5,0,18,2020-10-25
4584,1,CHUQUISACA,10403,SOPACHUY,44,35,15,0,20,2020-10-25
4585,1,CHUQUISACA,10404,ALCALA,44,10,0,0,10,2020-10-25
4586,1,CHUQUISACA,10405,EL VILLAR,44,3,1,0,2,2020-10-25
4587,1,CHUQUISACA,10501,MONTEAGUDO,44,172,70,2,100,2020-10-25
4588,1,CHUQUISACA,10502,HUACARETA,44,2,2,0,0,2020-10-25
4589,1,CHUQUISACA,10601,TARABUCO,44,50,11,3,36,2020-10-25
4590,1,CHUQUISACA,10602,YAMPARAEZ,44,73,15,2,56,2020-10-25
4591,1,CHUQUISACA,10701,CAMARGO,44,155,48,8,99,2020-10-25
4592,1,CHUQUISACA,10702,SAN LUCAS,44,96,18,9,69,2020-10-25
4593,1,CHUQUISACA,10703,INCAHUASI,44,47,4,0,43,2020-10-25
4594,1,CHUQUISACA,10704,VILLA CHARCAS,44,63,11,4,48,2020-10-25
4595,1,CHUQUISACA,10801,VILLA SERRANO,44,14,1,0,13,2020-10-25
4596,1,CHUQUISACA,10901,CAMATAQUI (C. VILLA ABECIA),44,9,3,0,6,2020-10-25
4597,1,CHUQUISACA,10902,CULPINA,44,112,50,5,57,2020-10-25
4598,1,CHUQUISACA,10903,LAS CARRERAS,44,17,0,0,17,2020-10-25
4599,1,CHUQUISACA,11001,VILLA VACA GUZMAN (MUYUPAMPA),44,114,75,0,39,2020-10-25
4600,1,CHUQUISACA,11003,MACHARETI,44,8,4,0,4,2020-10-25
4601,2,LA PAZ,20101,LA PAZ,44,23589,3339,726,19524,2020-10-25
4602,2,LA PAZ,20102,PALCA,44,8,5,0,3,2020-10-25
4603,2,LA PAZ,20103,MECAPACA,44,29,6,2,21,2020-10-25
4604,2,LA PAZ,20104,ACHOCALLA,44,58,10,5,43,2020-10-25
4605,2,LA PAZ,20105,EL ALTO,44,9636,1281,313,8042,2020-10-25
4606,2,LA PAZ,20201,ACHACACHI,44,38,7,5,26,2020-10-25
4607,2,LA PAZ,20202,ANCORAIMES,44,3,1,0,2,2020-10-25
4608,2,LA PAZ,20203,CHUA COCANI,44,2,0,0,2,2020-10-25
4609,2,LA PAZ,20205,SANTIAGO DE HUATA,44,2,0,0,2,2020-10-25
4610,2,LA PAZ,20206,HUATAJATA,44,2,0,0,2,2020-10-25
4611,2,LA PAZ,20301,CORO CORO,44,23,5,1,17,2020-10-25
4612,2,LA PAZ,20302,CAQUIAVIRI,44,1,0,0,1,2020-10-25
4613,2,LA PAZ,20303,CALACOTO,44,4,1,0,3,2020-10-25
4614,2,LA PAZ,20304,COMANCHE,44,11,6,1,4,2020-10-25
4615,2,LA PAZ,20305,CHARAÑA,44,15,4,0,11,2020-10-25
4616,2,LA PAZ,20306,WALDO BALLIVIAN,44,3,1,0,2,2020-10-25
4617,2,LA PAZ,20307,NAZACARA DE PACAJES,44,2,0,0,2,2020-10-25
4618,2,LA PAZ,20401,PUERTO ACOSTA,44,3,0,0,3,2020-10-25
4619,2,LA PAZ,20402,MOCOMOCO,44,2,0,0,2,2020-10-25
4620,2,LA PAZ,20403,PUERTO CARABUCO,44,1,0,0,1,2020-10-25
4621,2,LA PAZ,20405,ESCOMA,44,4,0,1,3,2020-10-25
4622,2,LA PAZ,20501,CHUMA,44,2,0,0,2,2020-10-25
4623,2,LA PAZ,20502,AYATA,44,2,0,0,2,2020-10-25
4624,2,LA PAZ,20601,SORATA,44,15,4,0,11,2020-10-25
4625,2,LA PAZ,20602,GUANAY,44,41,25,1,15,2020-10-25
4626,2,LA PAZ,20603,TACACOMA,44,1,0,0,1,2020-10-25
4627,2,LA PAZ,20606,TIPUANI,44,2,0,1,1,2020-10-25
4628,2,LA PAZ,20607,MAPIRI,44,2,0,1,1,2020-10-25
4629,2,LA PAZ,20608,TEOPONTE,44,8,1,0,7,2020-10-25
4630,2,LA PAZ,20701,APOLO,44,2,0,0,2,2020-10-25
4631,2,LA PAZ,20702,PELECHUCO,44,2,0,0,2,2020-10-25
4632,2,LA PAZ,20801,VIACHA,44,686,97,15,574,2020-10-25
4633,2,LA PAZ,20802,GUAQUI,44,3,0,0,3,2020-10-25
4634,2,LA PAZ,20803,TIAWANACU,44,23,13,0,10,2020-10-25
4635,2,LA PAZ,20804,DESAGUADERO,44,4,1,0,3,2020-10-25
4636,2,LA PAZ,20806,JESUS DE MACHACA,44,14,8,0,6,2020-10-25
4637,2,LA PAZ,20901,LURIBAY,44,1,0,0,1,2020-10-25
4638,2,LA PAZ,20902,SAPAHAQUI,44,8,3,0,5,2020-10-25
4639,2,LA PAZ,20903,YACO,44,4,2,0,2,2020-10-25
4640,2,LA PAZ,20904,MALLA,44,6,0,0,6,2020-10-25
4641,2,LA PAZ,20905,CAIROMA,44,16,0,0,16,2020-10-25
4642,2,LA PAZ,21001,INQUISIVI,44,12,3,0,9,2020-10-25
4643,2,LA PAZ,21002,QUIME,44,14,2,1,11,2020-10-25
4644,2,LA PAZ,21003,CAJUATA,44,2,0,1,1,2020-10-25
4645,2,LA PAZ,21004,COLQUIRI,44,68,1,7,60,2020-10-25
4646,2,LA PAZ,21005,ICHOCA,44,1,0,0,1,2020-10-25
4647,2,LA PAZ,21006,LICOMA PAMPA,44,1,0,0,1,2020-10-25
4648,2,LA PAZ,21101,CHULUMANI (V. DE LA LIBERTAD),44,34,10,5,19,2020-10-25
4649,2,LA PAZ,21102,IRUPANA (VILLA DE LANZA),44,51,9,2,40,2020-10-25
4650,2,LA PAZ,21103,YANACACHI,44,14,5,0,9,2020-10-25
4651,2,LA PAZ,21104,PALOS BLANCOS,44,33,1,3,29,2020-10-25
4652,2,LA PAZ,21105,LA ASUNTA,44,13,3,1,9,2020-10-25
4653,2,LA PAZ,21201,PUCARANI,44,23,3,1,19,2020-10-25
4654,2,LA PAZ,21202,LAJA,44,42,3,6,33,2020-10-25
4655,2,LA PAZ,21203,BATALLAS,44,54,6,2,46,2020-10-25
4656,2,LA PAZ,21204,PUERTO PEREZ,44,2,1,0,1,2020-10-25
4657,2,LA PAZ,21301,SICA SICA (VILLA AROMA),44,12,1,3,8,2020-10-25
4658,2,LA PAZ,21302,UMALA,44,14,0,3,11,2020-10-25
4659,2,LA PAZ,21304,CALAMARCA,44,9,2,0,7,2020-10-25
4660,2,LA PAZ,21305,PATACAMAYA,44,67,1,7,59,2020-10-25
4661,2,LA PAZ,21306,COLQUENCHA,44,5,0,0,5,2020-10-25
4662,2,LA PAZ,21307,COLLANA,44,1,0,0,1,2020-10-25
4663,2,LA PAZ,21401,COROICO,44,26,0,2,24,2020-10-25
4664,2,LA PAZ,21402,CORIPATA,44,39,6,5,28,2020-10-25
4665,2,LA PAZ,21501,IXIAMAS,44,1,0,0,1,2020-10-25
4666,2,LA PAZ,21502,SAN BUENA VENTURA,44,30,16,1,13,2020-10-25
4667,2,LA PAZ,21601,GRAL. J.J. PEREZ (CHARAZANI),44,6,2,0,4,2020-10-25
4668,2,LA PAZ,21701,COPACABANA,44,35,2,0,33,2020-10-25
4669,2,LA PAZ,21702,SAN PEDRO DE TIQUINA,44,6,0,0,6,2020-10-25
4670,2,LA PAZ,21703,TITO YUPANQUI (PARQUIPUJIO),44,1,0,0,1,2020-10-25
4671,2,LA PAZ,21802,PAPEL PAMPA,44,1,0,0,1,2020-10-25
4672,2,LA PAZ,21803,CHACARILLA,44,5,4,0,1,2020-10-25
4673,2,LA PAZ,21901,SANTIAGO DE MACHACA,44,4,0,0,4,2020-10-25
4674,2,LA PAZ,21902,CATACORA,44,2,2,0,0,2020-10-25
4675,2,LA PAZ,22001,CARANAVI,44,66,2,4,60,2020-10-25
4676,2,LA PAZ,22002,ALTO BENI,44,5,2,1,2,2020-10-25
4677,3,COCHABAMBA,30101,COCHABAMBA,44,8360,176,736,7448,2020-10-25
4678,3,COCHABAMBA,30201,AIQUILE,44,47,5,8,34,2020-10-25
4679,3,COCHABAMBA,30202,PASORAPA,44,2,0,0,2,2020-10-25
4680,3,COCHABAMBA,30203,OMEREQUE,44,18,0,2,16,2020-10-25
4681,3,COCHABAMBA,30301,AYOPAYA (V. DE INDEPENDENCIA),44,37,5,3,29,2020-10-25
4682,3,COCHABAMBA,30302,MOROCHATA,44,1,0,1,0,2020-10-25
4683,3,COCHABAMBA,30303,COCAPATA,44,2,0,1,1,2020-10-25
4684,3,COCHABAMBA,30401,TARATA,44,44,2,10,32,2020-10-25
4685,3,COCHABAMBA,30402,ANZALDO,44,19,2,0,17,2020-10-25
4686,3,COCHABAMBA,30403,ARBIETO,44,17,0,6,11,2020-10-25
4687,3,COCHABAMBA,30404,SACABAMBA,44,1,0,0,1,2020-10-25
4688,3,COCHABAMBA,30501,ARANI,44,30,2,6,22,2020-10-25
4689,3,COCHABAMBA,30502,VACAS,44,16,2,1,13,2020-10-25
4690,3,COCHABAMBA,30601,ARQUE,44,4,0,3,1,2020-10-25
4691,3,COCHABAMBA,30602,TACOPAYA,44,5,2,0,3,2020-10-25
4692,3,COCHABAMBA,30701,CAPINOTA,44,107,37,7,63,2020-10-25
4693,3,COCHABAMBA,30702,SANTIVAÑES,44,32,3,2,27,2020-10-25
4694,3,COCHABAMBA,30703,SICAYA,44,8,3,0,5,2020-10-25
4695,3,COCHABAMBA,30801,CLIZA,44,34,1,5,28,2020-10-25
4696,3,COCHABAMBA,30802,TOCO,44,7,0,3,4,2020-10-25
4697,3,COCHABAMBA,30803,TOLATA,44,51,26,5,20,2020-10-25
4698,3,COCHABAMBA,30901,QUILLACOLLO,44,1279,42,107,1130,2020-10-25
4699,3,COCHABAMBA,30902,SIPE SIPE,44,244,34,15,195,2020-10-25
4700,3,COCHABAMBA,30903,TIQUIPAYA,44,254,39,25,190,2020-10-25
4701,3,COCHABAMBA,30904,VINTO,44,262,4,35,223,2020-10-25
4702,3,COCHABAMBA,30905,COLCAPIRHUA,44,198,38,30,130,2020-10-25
4703,3,COCHABAMBA,31001,SACABA,44,892,60,79,753,2020-10-25
4704,3,COCHABAMBA,31002,COLOMI,44,39,14,3,22,2020-10-25
4705,3,COCHABAMBA,31003,VILLA TUNARI,44,166,5,19,142,2020-10-25
4706,3,COCHABAMBA,31101,TAPACARI,44,19,4,5,10,2020-10-25
4707,3,COCHABAMBA,31201,TOTORA(CBBA),44,49,8,1,40,2020-10-25
4708,3,COCHABAMBA,31202,POJO (CBBA),44,17,6,0,11,2020-10-25
4709,3,COCHABAMBA,31203,POCONA,44,17,1,1,15,2020-10-25
4710,3,COCHABAMBA,31204,CHIMORE,44,166,6,12,148,2020-10-25
4711,3,COCHABAMBA,31205,PUERTO VILLARROEL,44,475,22,33,420,2020-10-25
4712,3,COCHABAMBA,31206,ENTRE RIOS CBBA,44,430,4,43,383,2020-10-25
4713,3,COCHABAMBA,31301,MIZQUE,44,91,11,4,76,2020-10-25
4714,3,COCHABAMBA,31302,VILA VILA,44,2,0,0,2,2020-10-25
4715,3,COCHABAMBA,31401,PUNATA,44,137,9,27,101,2020-10-25
4716,3,COCHABAMBA,31402,VILLA RIVERO,44,10,4,1,5,2020-10-25
4717,3,COCHABAMBA,31403,SAN BENITO,44,104,17,11,76,2020-10-25
4718,3,COCHABAMBA,31404,TACACHI,44,1,0,1,0,2020-10-25
4719,3,COCHABAMBA,31405,CUCHUMUELA (V. G. VILLARROEL),44,1,1,0,0,2020-10-25
4720,3,COCHABAMBA,31501,BOLIVAR,44,6,0,0,6,2020-10-25
4721,3,COCHABAMBA,31601,TIRAQUE (CBBA),44,14,0,4,10,2020-10-25
4722,3,COCHABAMBA,31602,SHINAOTA,44,262,29,15,218,2020-10-25
4723,4,ORURO,40101,ORURO,44,4880,1932,252,2696,2020-10-25
4724,4,ORURO,40102,CARACOLLO,44,31,0,10,21,2020-10-25
4725,4,ORURO,40104,SORACACHI,44,2,0,1,1,2020-10-25
4726,4,ORURO,40201,CHALLAPATA,44,235,117,4,114,2020-10-25
4727,4,ORURO,40202,SANTUARIO DE QUILLACAS,44,28,7,0,21,2020-10-25
4728,4,ORURO,40301,CORQUE,44,1,0,0,1,2020-10-25
4729,4,ORURO,40401,CURAHUARA DE CARANGAS,44,12,4,1,7,2020-10-25
4730,4,ORURO,40402,TURCO,44,4,1,0,3,2020-10-25
4731,4,ORURO,40501,HUACHACALLA,44,34,0,5,29,2020-10-25
4732,4,ORURO,40502,ESCARA,44,5,2,0,3,2020-10-25
4733,4,ORURO,40504,YUNGUYO DE LITORAL,44,1,0,0,1,2020-10-25
4734,4,ORURO,40505,ESMERALDA,44,7,0,0,7,2020-10-25
4735,4,ORURO,40601,POOPO,44,30,7,1,22,2020-10-25
4736,4,ORURO,40602,PAZÑA,44,5,1,0,4,2020-10-25
4737,4,ORURO,40603,ANTEQUERA,44,8,0,0,8,2020-10-25
4738,4,ORURO,40701,HUANUNI,44,530,120,25,385,2020-10-25
4739,4,ORURO,40702,MACHACAMARCA,44,39,4,1,34,2020-10-25
4740,4,ORURO,40801,SALINAS DE GARCI MENDOZA,44,13,9,1,3,2020-10-25
4741,4,ORURO,40802,PAMPA AULLAGAS,44,3,1,0,2,2020-10-25
4742,4,ORURO,40901,SABAYA,44,38,1,1,36,2020-10-25
4743,4,ORURO,40902,COIPASA,44,1,0,0,1,2020-10-25
4744,4,ORURO,41001,TOLEDO,44,17,7,2,8,2020-10-25
4745,4,ORURO,41101,EUCALIPTUS,44,44,6,4,34,2020-10-25
4746,4,ORURO,41201,ANDAMARCA,44,5,1,0,4,2020-10-25
4747,4,ORURO,41301,TOTORA(ORR),44,5,5,0,0,2020-10-25
4748,4,ORURO,41401,SANTIAGO DE HUARI,44,24,5,2,17,2020-10-25
4749,4,ORURO,41501,LA RIVERA,44,3,1,0,2,2020-10-25
4750,4,ORURO,41601,HUAYLLAMARCA,44,6,1,2,3,2020-10-25
4751,5,POTOSI,50101,POTOSI,44,4278,2365,142,1771,2020-10-25
4752,5,POTOSI,50102,TINGUIPAYA,44,20,3,0,17,2020-10-25
4753,5,POTOSI,50103,YOCALLA,44,3,2,1,0,2020-10-25
4754,5,POTOSI,50104,BELEN DE URMIRI,44,5,2,0,3,2020-10-25
4755,5,POTOSI,50201,UNCIA,44,445,357,0,88,2020-10-25
4756,5,POTOSI,50202,CHAYANTA,44,47,18,2,27,2020-10-25
4757,5,POTOSI,50203,LLALLAGUA,44,971,587,17,367,2020-10-25
4758,5,POTOSI,50204,CHUQUIHUTA AYLLU JUCUMANI,44,20,8,4,8,2020-10-25
4759,5,POTOSI,50301,BETANZOS,44,292,8,5,279,2020-10-25
4760,5,POTOSI,50302,CHAQUI,44,11,11,0,0,2020-10-25
4761,5,POTOSI,50303,TACOBAMBA,44,36,31,0,5,2020-10-25
4762,5,POTOSI,50401,COLQUECHACA,44,34,26,1,7,2020-10-25
4763,5,POTOSI,50402,RAVELO,44,40,14,1,25,2020-10-25
4764,5,POTOSI,50403,POCOATA,44,43,23,6,14,2020-10-25
4765,5,POTOSI,50404,OCURI,44,81,27,1,53,2020-10-25
4766,5,POTOSI,50501,SAN PEDRO DE BUENA VISTA,44,14,5,1,8,2020-10-25
4767,5,POTOSI,50502,TORO TORO,44,50,13,1,36,2020-10-25
4768,5,POTOSI,50601,COTAGAITA,44,190,161,1,28,2020-10-25
4769,5,POTOSI,50602,VITICHI,44,98,76,0,22,2020-10-25
4770,5,POTOSI,50701,SACACA,44,11,8,3,0,2020-10-25
4771,5,POTOSI,50702,CARIPUYO,44,7,4,0,3,2020-10-25
4772,5,POTOSI,50801,TUPIZA,44,377,55,16,306,2020-10-25
4773,5,POTOSI,50802,ATOCHA,44,115,75,4,36,2020-10-25
4774,5,POTOSI,50901,"COLCHA ""K""",44,354,83,4,267,2020-10-25
4775,5,POTOSI,50902,SAN PEDRO DE QUEMES,44,5,0,0,5,2020-10-25
4776,5,POTOSI,51001,SAN PABLO DE LIPEZ,44,5,0,0,5,2020-10-25
4777,5,POTOSI,51101,PUNA,44,89,49,2,38,2020-10-25
4778,5,POTOSI,51102,"CAIZA ""D""",44,77,32,1,44,2020-10-25
4779,5,POTOSI,51103,CKOCHAS,44,20,0,1,19,2020-10-25
4780,5,POTOSI,51201,UYUNI,44,217,33,21,163,2020-10-25
4781,5,POTOSI,51202,TOMAVE,44,81,26,0,55,2020-10-25
4782,5,POTOSI,51203,PORCO,44,30,11,2,17,2020-10-25
4783,5,POTOSI,51301,ARAMPAMPA,44,6,5,1,0,2020-10-25
4784,5,POTOSI,51302,ACACIO,44,12,12,0,0,2020-10-25
4785,5,POTOSI,51401,LLICA,44,26,9,1,16,2020-10-25
4786,5,POTOSI,51402,TAHUA,44,42,12,1,29,2020-10-25
4787,5,POTOSI,51501,VILLAZON,44,912,558,18,336,2020-10-25
4788,5,POTOSI,51601,SAN AGUSTIN,44,41,3,0,38,2020-10-25
4789,6,TARIJA,60101,TARIJA,44,8562,574,198,7790,2020-10-25
4790,6,TARIJA,60201,PADCAYA,44,492,82,1,409,2020-10-25
4791,6,TARIJA,60202,BERMEJO,44,1581,621,39,921,2020-10-25
4792,6,TARIJA,60301,YACUIBA,44,2519,1436,95,988,2020-10-25
4793,6,TARIJA,60302,CARAPARI,44,405,58,2,345,2020-10-25
4794,6,TARIJA,60303,VILLA MONTES,44,1152,515,32,605,2020-10-25
4795,6,TARIJA,60401,URIONDO (A. CONCEPCION),44,237,102,1,134,2020-10-25
4796,6,TARIJA,60402,YUNCHARA,44,42,3,1,38,2020-10-25
4797,6,TARIJA,60501,SAN LORENZO(TJA),44,667,205,5,457,2020-10-25
4798,6,TARIJA,60502,EL PUENTE(TJA),44,171,0,2,169,2020-10-25
4799,6,TARIJA,60601,ENTRE RIOS TRJ,44,391,210,2,179,2020-10-25
4800,7,SANTA CRUZ,70101,SANTA CRUZ,44,28802,1392,1985,25425,2020-10-25
4801,7,SANTA CRUZ,70102,COTOCA,44,1194,47,24,1123,2020-10-25
4802,7,SANTA CRUZ,70103,PORONGO,44,218,26,7,185,2020-10-25
4803,7,SANTA CRUZ,70104,LA GUARDIA,44,1470,153,21,1296,2020-10-25
4804,7,SANTA CRUZ,70105,EL TORNO,44,1153,103,36,1014,2020-10-25
4805,7,SANTA CRUZ,70201,WARNES,44,834,3,97,734,2020-10-25
4806,7,SANTA CRUZ,70202,OKINAWA UNO,44,132,6,26,100,2020-10-25
4807,7,SANTA CRUZ,70301,SAN IGNACIO DE VELASCO,44,348,2,61,285,2020-10-25
4808,7,SANTA CRUZ,70401,BUENA VISTA,44,111,6,0,105,2020-10-25
4809,7,SANTA CRUZ,70402,SAN CARLOS,44,286,13,0,273,2020-10-25
4810,7,SANTA CRUZ,70403,YAPACANI,44,731,21,2,708,2020-10-25
4811,7,SANTA CRUZ,70404,SAN JUAN DE YAPACANI,44,153,36,0,117,2020-10-25
4812,7,SANTA CRUZ,70501,SAN JOSÉ DE CHIQUITOS,44,245,0,23,222,2020-10-25
4813,7,SANTA CRUZ,70502,PAILON,44,414,11,20,383,2020-10-25
4814,7,SANTA CRUZ,70503,ROBORÉ,44,306,43,7,256,2020-10-25
4815,7,SANTA CRUZ,70601,PORTACHUELO,44,261,14,4,243,2020-10-25
4816,7,SANTA CRUZ,70602,SANTA ROSA DEL SARA,44,182,10,0,172,2020-10-25
4817,7,SANTA CRUZ,70603,COLPA BÉLGICA,44,161,6,8,147,2020-10-25
4818,7,SANTA CRUZ,70701,LAGUNILLAS,44,39,32,0,7,2020-10-25
4819,7,SANTA CRUZ,70703,CABEZAS,44,58,2,1,55,2020-10-25
4820,7,SANTA CRUZ,70706,CAMIRI,44,695,204,9,482,2020-10-25
4821,7,SANTA CRUZ,70801,VALLE GRANDE,44,120,0,10,110,2020-10-25
4822,7,SANTA CRUZ,70802,TRIGAL,44,13,2,0,11,2020-10-25
4823,7,SANTA CRUZ,70803,MORO MORO,44,30,0,1,29,2020-10-25
4824,7,SANTA CRUZ,70804,POSTRER VALLE,44,1,1,0,0,2020-10-25
4825,7,SANTA CRUZ,70901,SAMAIPATA,44,34,0,2,32,2020-10-25
4826,7,SANTA CRUZ,70902,PAMPA GRANDE,44,93,0,15,78,2020-10-25
4827,7,SANTA CRUZ,70903,MAIRANA,44,109,0,7,102,2020-10-25
4828,7,SANTA CRUZ,71001,MONTERO,44,3009,0,263,2746,2020-10-25
4829,7,SANTA CRUZ,71002,GRAL. SAAVEDRA,44,72,0,2,70,2020-10-25
4830,7,SANTA CRUZ,71003,MINEROS,44,135,0,11,124,2020-10-25
4831,7,SANTA CRUZ,71004,FERNÁNDEZ ALONSO,44,212,7,6,199,2020-10-25
4832,7,SANTA CRUZ,71005,SAN PEDRO,44,399,46,1,352,2020-10-25
4833,7,SANTA CRUZ,71101,CONCEPCIÓN,44,287,0,16,271,2020-10-25
4834,7,SANTA CRUZ,71102,SAN JAVIER,44,90,0,12,78,2020-10-25
4835,7,SANTA CRUZ,71104,SAN JULIÁN,44,239,0,28,211,2020-10-25
4836,7,SANTA CRUZ,71106,CUATRO CAÑADAS,44,163,0,28,135,2020-10-25
4837,7,SANTA CRUZ,71401,PUERTO SUAREZ,44,83,0,16,67,2020-10-25
4838,7,SANTA CRUZ,71402,PUERTO QUIJARRO,44,230,6,5,219,2020-10-25
4839,7,SANTA CRUZ,71105,SAN ANTONIO DE LOMERÍO,44,39,0,7,32,2020-10-25
4840,7,SANTA CRUZ,71503,EL PUENTE (SCZ),44,62,0,5,57,2020-10-25
4841,7,SANTA CRUZ,71301,COMARAPA,44,92,15,0,77,2020-10-25
4842,7,SANTA CRUZ,70702,CHARAGUA,44,108,88,1,19,2020-10-25
4843,7,SANTA CRUZ,70904,QUIRUSILLAS,44,13,0,1,12,2020-10-25
4844,7,SANTA CRUZ,71501,ASCENCIÓN DE GUARAYOS,44,84,0,21,63,2020-10-25
4845,7,SANTA CRUZ,71201,SAN MATIAS,44,38,0,0,38,2020-10-25
4846,7,SANTA CRUZ,71502,URUBICHA,44,48,9,2,37,2020-10-25
4847,7,SANTA CRUZ,70707,BOYUIBE,44,59,23,0,36,2020-10-25
4848,7,SANTA CRUZ,70705,GUTIERREZ,44,41,14,1,26,2020-10-25
4849,7,SANTA CRUZ,71403,CARMEN RIVERO TORREZ,44,39,1,4,34,2020-10-25
4850,7,SANTA CRUZ,71302,SAIPINA,44,40,7,0,33,2020-10-25
4851,7,SANTA CRUZ,70805,PUCARA,44,1,0,0,1,2020-10-25
4852,7,SANTA CRUZ,70302,SAN MIGUEL DE VELASCO,44,32,0,3,29,2020-10-25
4853,7,SANTA CRUZ,70303,SAN RAFAEL,44,33,0,0,33,2020-10-25
4854,7,SANTA CRUZ,71103,SAN RAMON,44,153,0,18,135,2020-10-25
4855,8,BENI,80101,TRINIDAD,44,4237,1581,230,2426,2020-10-25
4856,8,BENI,80102,SAN JAVIER(BNI),44,13,0,0,13,2020-10-25
4857,8,BENI,80201,RIBERALTA,44,701,116,66,519,2020-10-25
4858,8,BENI,80202,GUAYARAMERIN,44,491,45,29,417,2020-10-25
4859,8,BENI,80301,REYES,44,89,18,7,64,2020-10-25
4860,8,BENI,80302,SAN BORJA,44,378,41,8,329,2020-10-25
4861,8,BENI,80303,SANTA ROSA,44,173,57,1,115,2020-10-25
4862,8,BENI,80304,RURRENABAQUE,44,381,83,8,290,2020-10-25
4863,8,BENI,80401,SANTA ANA,44,280,32,8,240,2020-10-25
4864,8,BENI,80402,EXALTACION,44,42,5,0,37,2020-10-25
4865,8,BENI,80501,SAN IGNACIO,44,100,0,4,96,2020-10-25
4866,8,BENI,80601,LORETO,44,56,0,2,54,2020-10-25
4867,8,BENI,80602,SAN ANDRES,44,105,34,0,71,2020-10-25
4868,8,BENI,80701,SAN JOAQUIN,44,138,0,6,132,2020-10-25
4869,8,BENI,80702,SAN RAMON BENI,44,96,0,3,93,2020-10-25
4870,8,BENI,80703,PUERTO SILES,44,2,0,0,2,2020-10-25
4871,8,BENI,80801,MAGDALENA,44,7,0,0,7,2020-10-25
4872,9,PANDO,90101,COBIJA,44,1720,1287,157,276,2020-10-25
4873,9,PANDO,90102,PORVENIR,44,30,3,2,25,2020-10-25
4874,9,PANDO,90103,BOLPEBRA,44,46,6,0,40,2020-10-25
4875,9,PANDO,90201,PUERTO RICO,44,149,133,4,12,2020-10-25
4876,9,PANDO,90202,SAN PEDRO(PND),44,19,19,0,0,2020-10-25
4877,9,PANDO,90203,FILADELFIA,44,17,2,1,14,2020-10-25
4878,9,PANDO,90301,PUERTO GONZALO MORENO,44,117,55,0,62,2020-10-25
4879,9,PANDO,90302,SAN LORENZO(PND),44,125,40,0,85,2020-10-25
4880,9,PANDO,90303,SENA,44,44,12,0,32,2020-10-25
4881,9,PANDO,90401,NACEBE (SANTA ROSA DEL ABUNA),44,13,8,1,4,2020-10-25
4882,9,PANDO,90501,NUEVO MANOA (NUEVA ESPERANZA),44,7,7,0,0,2020-10-25
4883,9,PANDO,90502,VILLA NUEVA (LOMA ALTA),44,10,0,0,10,2020-10-25
4884,9,PANDO,90503,EUREKA (SANTOS MERCADO),44,7,7,0,0,2020-10-25
4885,9,PANDO,90104,BELLA FLOR,44,72,46,0,26,2020-10-25
4886,1,CHUQUISACA,10101,SUCRE,45,6482,364,472,5646,2020-11-01
4887,1,CHUQUISACA,10102,YOTALA,45,105,0,1,104,2020-11-01
4888,1,CHUQUISACA,10103,POROMA,45,15,0,0,15,2020-11-01
4889,1,CHUQUISACA,10201,AZURDUY,45,31,2,0,29,2020-11-01
4890,1,CHUQUISACA,10202,TARVITA,45,34,27,0,7,2020-11-01
4891,1,CHUQUISACA,10301,ZUDAÑEZ,45,42,10,0,32,2020-11-01
4892,1,CHUQUISACA,10302,PRESTO,45,76,8,1,67,2020-11-01
4893,1,CHUQUISACA,10303,MOJOCOYA,45,35,8,2,25,2020-11-01
4894,1,CHUQUISACA,10304,ICLA,45,17,2,0,15,2020-11-01
4895,1,CHUQUISACA,10401,PADILLA,45,19,1,0,18,2020-11-01
4896,1,CHUQUISACA,10402,TOMINA,45,23,5,0,18,2020-11-01
4897,1,CHUQUISACA,10403,SOPACHUY,45,37,17,0,20,2020-11-01
4898,1,CHUQUISACA,10404,ALCALA,45,10,0,0,10,2020-11-01
4899,1,CHUQUISACA,10405,EL VILLAR,45,3,1,0,2,2020-11-01
4900,1,CHUQUISACA,10501,MONTEAGUDO,45,175,58,3,114,2020-11-01
4901,1,CHUQUISACA,10502,HUACARETA,45,2,0,0,2,2020-11-01
4902,1,CHUQUISACA,10601,TARABUCO,45,50,10,3,37,2020-11-01
4903,1,CHUQUISACA,10602,YAMPARAEZ,45,73,15,2,56,2020-11-01
4904,1,CHUQUISACA,10701,CAMARGO,45,158,35,8,115,2020-11-01
4905,1,CHUQUISACA,10702,SAN LUCAS,45,96,18,9,69,2020-11-01
4906,1,CHUQUISACA,10703,INCAHUASI,45,47,4,0,43,2020-11-01
4907,1,CHUQUISACA,10704,VILLA CHARCAS,45,63,11,4,48,2020-11-01
4908,1,CHUQUISACA,10801,VILLA SERRANO,45,14,1,0,13,2020-11-01
4909,1,CHUQUISACA,10901,CAMATAQUI (C. VILLA ABECIA),45,9,2,0,7,2020-11-01
4910,1,CHUQUISACA,10902,CULPINA,45,112,35,5,72,2020-11-01
4911,1,CHUQUISACA,10903,LAS CARRERAS,45,17,0,0,17,2020-11-01
4912,1,CHUQUISACA,11001,VILLA VACA GUZMAN (MUYUPAMPA),45,120,75,0,45,2020-11-01
4913,1,CHUQUISACA,11003,MACHARETI,45,8,4,0,4,2020-11-01
4914,2,LA PAZ,20101,LA PAZ,45,23653,2843,733,20077,2020-11-01
4915,2,LA PAZ,20102,PALCA,45,8,3,0,5,2020-11-01
4916,2,LA PAZ,20103,MECAPACA,45,29,5,2,22,2020-11-01
4917,2,LA PAZ,20104,ACHOCALLA,45,58,7,5,46,2020-11-01
4918,2,LA PAZ,20105,EL ALTO,45,9665,1082,315,8268,2020-11-01
4919,2,LA PAZ,20201,ACHACACHI,45,38,7,5,26,2020-11-01
4920,2,LA PAZ,20202,ANCORAIMES,45,3,1,0,2,2020-11-01
4921,2,LA PAZ,20203,CHUA COCANI,45,2,0,0,2,2020-11-01
4922,2,LA PAZ,20205,SANTIAGO DE HUATA,45,2,0,0,2,2020-11-01
4923,2,LA PAZ,20206,HUATAJATA,45,2,0,0,2,2020-11-01
4924,2,LA PAZ,20301,CORO CORO,45,23,5,1,17,2020-11-01
4925,2,LA PAZ,20302,CAQUIAVIRI,45,1,0,0,1,2020-11-01
4926,2,LA PAZ,20303,CALACOTO,45,4,1,0,3,2020-11-01
4927,2,LA PAZ,20304,COMANCHE,45,11,6,1,4,2020-11-01
4928,2,LA PAZ,20305,CHARAÑA,45,15,4,0,11,2020-11-01
4929,2,LA PAZ,20306,WALDO BALLIVIAN,45,3,1,0,2,2020-11-01
4930,2,LA PAZ,20307,NAZACARA DE PACAJES,45,2,0,0,2,2020-11-01
4931,2,LA PAZ,20401,PUERTO ACOSTA,45,3,0,0,3,2020-11-01
4932,2,LA PAZ,20402,MOCOMOCO,45,2,0,0,2,2020-11-01
4933,2,LA PAZ,20403,PUERTO CARABUCO,45,1,0,0,1,2020-11-01
4934,2,LA PAZ,20405,ESCOMA,45,4,0,1,3,2020-11-01
4935,2,LA PAZ,20501,CHUMA,45,2,0,0,2,2020-11-01
4936,2,LA PAZ,20502,AYATA,45,2,0,0,2,2020-11-01
4937,2,LA PAZ,20601,SORATA,45,15,2,0,13,2020-11-01
4938,2,LA PAZ,20602,GUANAY,45,41,25,1,15,2020-11-01
4939,2,LA PAZ,20603,TACACOMA,45,1,0,0,1,2020-11-01
4940,2,LA PAZ,20606,TIPUANI,45,2,0,1,1,2020-11-01
4941,2,LA PAZ,20607,MAPIRI,45,2,0,1,1,2020-11-01
4942,2,LA PAZ,20608,TEOPONTE,45,8,1,0,7,2020-11-01
4943,2,LA PAZ,20701,APOLO,45,2,0,0,2,2020-11-01
4944,2,LA PAZ,20702,PELECHUCO,45,2,0,0,2,2020-11-01
4945,2,LA PAZ,20801,VIACHA,45,689,89,15,585,2020-11-01
4946,2,LA PAZ,20802,GUAQUI,45,3,0,0,3,2020-11-01
4947,2,LA PAZ,20803,TIAWANACU,45,23,12,0,11,2020-11-01
4948,2,LA PAZ,20804,DESAGUADERO,45,4,0,0,4,2020-11-01
4949,2,LA PAZ,20806,JESUS DE MACHACA,45,14,7,0,7,2020-11-01
4950,2,LA PAZ,20901,LURIBAY,45,1,0,0,1,2020-11-01
4951,2,LA PAZ,20902,SAPAHAQUI,45,8,3,0,5,2020-11-01
4952,2,LA PAZ,20903,YACO,45,4,2,0,2,2020-11-01
4953,2,LA PAZ,20904,MALLA,45,6,0,0,6,2020-11-01
4954,2,LA PAZ,20905,CAIROMA,45,16,0,0,16,2020-11-01
4955,2,LA PAZ,21001,INQUISIVI,45,12,3,0,9,2020-11-01
4956,2,LA PAZ,21002,QUIME,45,14,2,1,11,2020-11-01
4957,2,LA PAZ,21003,CAJUATA,45,2,0,1,1,2020-11-01
4958,2,LA PAZ,21004,COLQUIRI,45,68,1,7,60,2020-11-01
4959,2,LA PAZ,21005,ICHOCA,45,1,0,0,1,2020-11-01
4960,2,LA PAZ,21006,LICOMA PAMPA,45,1,0,0,1,2020-11-01
4961,2,LA PAZ,21101,CHULUMANI (V. DE LA LIBERTAD),45,34,6,5,23,2020-11-01
4962,2,LA PAZ,21102,IRUPANA (VILLA DE LANZA),45,51,6,2,43,2020-11-01
4963,2,LA PAZ,21103,YANACACHI,45,14,5,0,9,2020-11-01
4964,2,LA PAZ,21104,PALOS BLANCOS,45,33,1,3,29,2020-11-01
4965,2,LA PAZ,21105,LA ASUNTA,45,13,3,1,9,2020-11-01
4966,2,LA PAZ,21201,PUCARANI,45,23,2,1,20,2020-11-01
4967,2,LA PAZ,21202,LAJA,45,42,3,6,33,2020-11-01
4968,2,LA PAZ,21203,BATALLAS,45,56,5,2,49,2020-11-01
4969,2,LA PAZ,21204,PUERTO PEREZ,45,2,1,0,1,2020-11-01
4970,2,LA PAZ,21301,SICA SICA (VILLA AROMA),45,12,1,3,8,2020-11-01
4971,2,LA PAZ,21302,UMALA,45,14,0,3,11,2020-11-01
4972,2,LA PAZ,21304,CALAMARCA,45,9,2,0,7,2020-11-01
4973,2,LA PAZ,21305,PATACAMAYA,45,67,1,7,59,2020-11-01
4974,2,LA PAZ,21306,COLQUENCHA,45,5,0,0,5,2020-11-01
4975,2,LA PAZ,21307,COLLANA,45,1,0,0,1,2020-11-01
4976,2,LA PAZ,21401,COROICO,45,26,0,2,24,2020-11-01
4977,2,LA PAZ,21402,CORIPATA,45,39,6,5,28,2020-11-01
4978,2,LA PAZ,21501,IXIAMAS,45,1,0,0,1,2020-11-01
4979,2,LA PAZ,21502,SAN BUENA VENTURA,45,30,16,1,13,2020-11-01
4980,2,LA PAZ,21601,GRAL. J.J. PEREZ (CHARAZANI),45,6,2,0,4,2020-11-01
4981,2,LA PAZ,21701,COPACABANA,45,35,2,0,33,2020-11-01
4982,2,LA PAZ,21702,SAN PEDRO DE TIQUINA,45,6,0,0,6,2020-11-01
4983,2,LA PAZ,21703,TITO YUPANQUI (PARQUIPUJIO),45,1,0,0,1,2020-11-01
4984,2,LA PAZ,21802,PAPEL PAMPA,45,1,0,0,1,2020-11-01
4985,2,LA PAZ,21803,CHACARILLA,45,5,4,0,1,2020-11-01
4986,2,LA PAZ,21901,SANTIAGO DE MACHACA,45,4,0,0,4,2020-11-01
4987,2,LA PAZ,21902,CATACORA,45,2,2,0,0,2020-11-01
4988,2,LA PAZ,22001,CARANAVI,45,66,2,4,60,2020-11-01
4989,2,LA PAZ,22002,ALTO BENI,45,5,2,1,2,2020-11-01
4990,3,COCHABAMBA,30101,COCHABAMBA,45,8390,181,744,7465,2020-11-01
4991,3,COCHABAMBA,30201,AIQUILE,45,47,5,8,34,2020-11-01
4992,3,COCHABAMBA,30202,PASORAPA,45,2,0,0,2,2020-11-01
4993,3,COCHABAMBA,30203,OMEREQUE,45,18,0,2,16,2020-11-01
4994,3,COCHABAMBA,30301,AYOPAYA (V. DE INDEPENDENCIA),45,37,5,3,29,2020-11-01
4995,3,COCHABAMBA,30302,MOROCHATA,45,1,0,1,0,2020-11-01
4996,3,COCHABAMBA,30303,COCAPATA,45,2,0,1,1,2020-11-01
4997,3,COCHABAMBA,30401,TARATA,45,44,2,10,32,2020-11-01
4998,3,COCHABAMBA,30402,ANZALDO,45,19,2,0,17,2020-11-01
4999,3,COCHABAMBA,30403,ARBIETO,45,17,0,6,11,2020-11-01
5000,3,COCHABAMBA,30404,SACABAMBA,45,1,0,0,1,2020-11-01
5001,3,COCHABAMBA,30501,ARANI,45,30,2,6,22,2020-11-01
5002,3,COCHABAMBA,30502,VACAS,45,16,2,1,13,2020-11-01
5003,3,COCHABAMBA,30601,ARQUE,45,4,0,3,1,2020-11-01
5004,3,COCHABAMBA,30602,TACOPAYA,45,5,2,0,3,2020-11-01
5005,3,COCHABAMBA,30701,CAPINOTA,45,108,30,7,71,2020-11-01
5006,3,COCHABAMBA,30702,SANTIVAÑES,45,32,3,2,27,2020-11-01
5007,3,COCHABAMBA,30703,SICAYA,45,8,3,0,5,2020-11-01
5008,3,COCHABAMBA,30801,CLIZA,45,34,1,5,28,2020-11-01
5009,3,COCHABAMBA,30802,TOCO,45,7,0,3,4,2020-11-01
5010,3,COCHABAMBA,30803,TOLATA,45,52,17,5,30,2020-11-01
5011,3,COCHABAMBA,30901,QUILLACOLLO,45,1279,39,110,1130,2020-11-01
5012,3,COCHABAMBA,30902,SIPE SIPE,45,244,34,15,195,2020-11-01
5013,3,COCHABAMBA,30903,TIQUIPAYA,45,255,25,25,205,2020-11-01
5014,3,COCHABAMBA,30904,VINTO,45,262,3,36,223,2020-11-01
5015,3,COCHABAMBA,30905,COLCAPIRHUA,45,199,23,30,146,2020-11-01
5016,3,COCHABAMBA,31001,SACABA,45,897,55,79,763,2020-11-01
5017,3,COCHABAMBA,31002,COLOMI,45,39,7,3,29,2020-11-01
5018,3,COCHABAMBA,31003,VILLA TUNARI,45,166,5,19,142,2020-11-01
5019,3,COCHABAMBA,31101,TAPACARI,45,19,4,5,10,2020-11-01
5020,3,COCHABAMBA,31201,TOTORA(CBBA),45,49,6,1,42,2020-11-01
5021,3,COCHABAMBA,31202,POJO (CBBA),45,17,4,0,13,2020-11-01
5022,3,COCHABAMBA,31203,POCONA,45,17,1,1,15,2020-11-01
5023,3,COCHABAMBA,31204,CHIMORE,45,167,6,13,148,2020-11-01
5024,3,COCHABAMBA,31205,PUERTO VILLARROEL,45,475,20,35,420,2020-11-01
5025,3,COCHABAMBA,31206,ENTRE RIOS CBBA,45,430,0,47,383,2020-11-01
5026,3,COCHABAMBA,31301,MIZQUE,45,92,9,5,78,2020-11-01
5027,3,COCHABAMBA,31302,VILA VILA,45,2,0,0,2,2020-11-01
5028,3,COCHABAMBA,31401,PUNATA,45,138,8,29,101,2020-11-01
5029,3,COCHABAMBA,31402,VILLA RIVERO,45,10,4,1,5,2020-11-01
5030,3,COCHABAMBA,31403,SAN BENITO,45,106,17,11,78,2020-11-01
5031,3,COCHABAMBA,31404,TACACHI,45,1,0,1,0,2020-11-01
5032,3,COCHABAMBA,31405,CUCHUMUELA (V. G. VILLARROEL),45,1,1,0,0,2020-11-01
5033,3,COCHABAMBA,31501,BOLIVAR,45,6,0,0,6,2020-11-01
5034,3,COCHABAMBA,31601,TIRAQUE (CBBA),45,14,0,4,10,2020-11-01
5035,3,COCHABAMBA,31602,SHINAOTA,45,262,18,15,229,2020-11-01
5036,4,ORURO,40101,ORURO,45,4902,1810,257,2835,2020-11-01
5037,4,ORURO,40102,CARACOLLO,45,39,1,10,28,2020-11-01
5038,4,ORURO,40104,SORACACHI,45,2,0,1,1,2020-11-01
5039,4,ORURO,40201,CHALLAPATA,45,235,114,5,116,2020-11-01
5040,4,ORURO,40202,SANTUARIO DE QUILLACAS,45,28,7,0,21,2020-11-01
5041,4,ORURO,40301,CORQUE,45,1,0,0,1,2020-11-01
5042,4,ORURO,40401,CURAHUARA DE CARANGAS,45,12,4,1,7,2020-11-01
5043,4,ORURO,40402,TURCO,45,4,1,0,3,2020-11-01
5044,4,ORURO,40501,HUACHACALLA,45,34,0,5,29,2020-11-01
5045,4,ORURO,40502,ESCARA,45,5,2,0,3,2020-11-01
5046,4,ORURO,40504,YUNGUYO DE LITORAL,45,1,0,0,1,2020-11-01
5047,4,ORURO,40505,ESMERALDA,45,7,0,0,7,2020-11-01
5048,4,ORURO,40601,POOPO,45,30,7,1,22,2020-11-01
5049,4,ORURO,40602,PAZÑA,45,5,1,0,4,2020-11-01
5050,4,ORURO,40603,ANTEQUERA,45,8,0,0,8,2020-11-01
5051,4,ORURO,40701,HUANUNI,45,530,111,25,394,2020-11-01
5052,4,ORURO,40702,MACHACAMARCA,45,39,4,1,34,2020-11-01
5053,4,ORURO,40801,SALINAS DE GARCI MENDOZA,45,13,9,1,3,2020-11-01
5054,4,ORURO,40802,PAMPA AULLAGAS,45,3,1,0,2,2020-11-01
5055,4,ORURO,40901,SABAYA,45,38,1,1,36,2020-11-01
5056,4,ORURO,40902,COIPASA,45,1,0,0,1,2020-11-01
5057,4,ORURO,41001,TOLEDO,45,17,7,2,8,2020-11-01
5058,4,ORURO,41101,EUCALIPTUS,45,44,5,4,35,2020-11-01
5059,4,ORURO,41201,ANDAMARCA,45,5,1,0,4,2020-11-01
5060,4,ORURO,41301,TOTORA(ORR),45,5,5,0,0,2020-11-01
5061,4,ORURO,41401,SANTIAGO DE HUARI,45,24,3,2,19,2020-11-01
5062,4,ORURO,41501,LA RIVERA,45,3,1,0,2,2020-11-01
5063,4,ORURO,41601,HUAYLLAMARCA,45,6,1,2,3,2020-11-01
5064,5,POTOSI,50101,POTOSI,45,4289,2284,144,1861,2020-11-01
5065,5,POTOSI,50102,TINGUIPAYA,45,20,3,0,17,2020-11-01
5066,5,POTOSI,50103,YOCALLA,45,3,2,1,0,2020-11-01
5067,5,POTOSI,50104,BELEN DE URMIRI,45,5,2,0,3,2020-11-01
5068,5,POTOSI,50201,UNCIA,45,455,367,0,88,2020-11-01
5069,5,POTOSI,50202,CHAYANTA,45,47,18,2,27,2020-11-01
5070,5,POTOSI,50203,LLALLAGUA,45,976,569,17,390,2020-11-01
5071,5,POTOSI,50204,CHUQUIHUTA AYLLU JUCUMANI,45,20,8,4,8,2020-11-01
5072,5,POTOSI,50301,BETANZOS,45,292,8,5,279,2020-11-01
5073,5,POTOSI,50302,CHAQUI,45,11,11,0,0,2020-11-01
5074,5,POTOSI,50303,TACOBAMBA,45,36,31,0,5,2020-11-01
5075,5,POTOSI,50401,COLQUECHACA,45,34,26,1,7,2020-11-01
5076,5,POTOSI,50402,RAVELO,45,40,14,1,25,2020-11-01
5077,5,POTOSI,50403,POCOATA,45,43,23,6,14,2020-11-01
5078,5,POTOSI,50404,OCURI,45,81,27,1,53,2020-11-01
5079,5,POTOSI,50501,SAN PEDRO DE BUENA VISTA,45,14,2,1,11,2020-11-01
5080,5,POTOSI,50502,TORO TORO,45,55,7,2,46,2020-11-01
5081,5,POTOSI,50601,COTAGAITA,45,191,156,1,34,2020-11-01
5082,5,POTOSI,50602,VITICHI,45,98,76,0,22,2020-11-01
5083,5,POTOSI,50701,SACACA,45,11,8,3,0,2020-11-01
5084,5,POTOSI,50702,CARIPUYO,45,7,4,0,3,2020-11-01
5085,5,POTOSI,50801,TUPIZA,45,377,55,16,306,2020-11-01
5086,5,POTOSI,50802,ATOCHA,45,115,75,4,36,2020-11-01
5087,5,POTOSI,50901,"COLCHA ""K""",45,378,92,4,282,2020-11-01
5088,5,POTOSI,50902,SAN PEDRO DE QUEMES,45,5,0,0,5,2020-11-01
5089,5,POTOSI,51001,SAN PABLO DE LIPEZ,45,5,0,0,5,2020-11-01
5090,5,POTOSI,51101,PUNA,45,89,49,2,38,2020-11-01
5091,5,POTOSI,51102,"CAIZA ""D""",45,77,32,1,44,2020-11-01
5092,5,POTOSI,51103,CKOCHAS,45,20,0,1,19,2020-11-01
5093,5,POTOSI,51201,UYUNI,45,218,32,21,165,2020-11-01
5094,5,POTOSI,51202,TOMAVE,45,81,26,0,55,2020-11-01
5095,5,POTOSI,51203,PORCO,45,30,11,2,17,2020-11-01
5096,5,POTOSI,51301,ARAMPAMPA,45,6,5,1,0,2020-11-01
5097,5,POTOSI,51302,ACACIO,45,12,12,0,0,2020-11-01
5098,5,POTOSI,51401,LLICA,45,26,9,1,16,2020-11-01
5099,5,POTOSI,51402,TAHUA,45,42,12,1,29,2020-11-01
5100,5,POTOSI,51501,VILLAZON,45,913,553,18,342,2020-11-01
5101,5,POTOSI,51601,SAN AGUSTIN,45,41,3,0,38,2020-11-01
5102,6,TARIJA,60101,TARIJA,45,8626,298,201,8127,2020-11-01
5103,6,TARIJA,60201,PADCAYA,45,494,5,1,488,2020-11-01
5104,6,TARIJA,60202,BERMEJO,45,1595,508,43,1044,2020-11-01
5105,6,TARIJA,60301,YACUIBA,45,2527,1353,95,1079,2020-11-01
5106,6,TARIJA,60302,CARAPARI,45,414,45,3,366,2020-11-01
5107,6,TARIJA,60303,VILLA MONTES,45,1195,510,33,652,2020-11-01
5108,6,TARIJA,60401,URIONDO (A. CONCEPCION),45,237,95,1,141,2020-11-01
5109,6,TARIJA,60402,YUNCHARA,45,42,1,1,40,2020-11-01
5110,6,TARIJA,60501,SAN LORENZO(TJA),45,669,133,5,531,2020-11-01
5111,6,TARIJA,60502,EL PUENTE(TJA),45,171,0,2,169,2020-11-01
5112,6,TARIJA,60601,ENTRE RIOS TRJ,45,392,211,2,179,2020-11-01
5113,7,SANTA CRUZ,70101,SANTA CRUZ,45,28959,1463,1992,25504,2020-11-01
5114,7,SANTA CRUZ,70102,COTOCA,45,1195,48,24,1123,2020-11-01
5115,7,SANTA CRUZ,70103,PORONGO,45,218,22,7,189,2020-11-01
5116,7,SANTA CRUZ,70104,LA GUARDIA,45,1473,153,21,1299,2020-11-01
5117,7,SANTA CRUZ,70105,EL TORNO,45,1160,109,36,1015,2020-11-01
5118,7,SANTA CRUZ,70201,WARNES,45,837,6,97,734,2020-11-01
5119,7,SANTA CRUZ,70202,OKINAWA UNO,45,132,6,26,100,2020-11-01
5120,7,SANTA CRUZ,70301,SAN IGNACIO DE VELASCO,45,348,2,61,285,2020-11-01
5121,7,SANTA CRUZ,70401,BUENA VISTA,45,111,6,0,105,2020-11-01
5122,7,SANTA CRUZ,70402,SAN CARLOS,45,286,12,0,274,2020-11-01
5123,7,SANTA CRUZ,70403,YAPACANI,45,732,22,2,708,2020-11-01
5124,7,SANTA CRUZ,70404,SAN JUAN DE YAPACANI,45,153,36,0,117,2020-11-01
5125,7,SANTA CRUZ,70501,SAN JOSÉ DE CHIQUITOS,45,246,1,23,222,2020-11-01
5126,7,SANTA CRUZ,70502,PAILON,45,414,11,20,383,2020-11-01
5127,7,SANTA CRUZ,70503,ROBORÉ,45,322,59,7,256,2020-11-01
5128,7,SANTA CRUZ,70601,PORTACHUELO,45,261,14,4,243,2020-11-01
5129,7,SANTA CRUZ,70602,SANTA ROSA DEL SARA,45,182,10,0,172,2020-11-01
5130,7,SANTA CRUZ,70603,COLPA BÉLGICA,45,162,7,8,147,2020-11-01
5131,7,SANTA CRUZ,70701,LAGUNILLAS,45,39,32,0,7,2020-11-01
5132,7,SANTA CRUZ,70703,CABEZAS,45,58,2,1,55,2020-11-01
5133,7,SANTA CRUZ,70706,CAMIRI,45,701,198,9,494,2020-11-01
5134,7,SANTA CRUZ,70801,VALLE GRANDE,45,120,0,10,110,2020-11-01
5135,7,SANTA CRUZ,70802,TRIGAL,45,13,2,0,11,2020-11-01
5136,7,SANTA CRUZ,70803,MORO MORO,45,30,0,1,29,2020-11-01
5137,7,SANTA CRUZ,70804,POSTRER VALLE,45,1,1,0,0,2020-11-01
5138,7,SANTA CRUZ,70901,SAMAIPATA,45,34,0,2,32,2020-11-01
5139,7,SANTA CRUZ,70902,PAMPA GRANDE,45,93,0,15,78,2020-11-01
5140,7,SANTA CRUZ,70903,MAIRANA,45,109,0,7,102,2020-11-01
5141,7,SANTA CRUZ,71001,MONTERO,45,3012,0,268,2744,2020-11-01
5142,7,SANTA CRUZ,71002,GRAL. SAAVEDRA,45,72,0,2,70,2020-11-01
5143,7,SANTA CRUZ,71003,MINEROS,45,135,0,11,124,2020-11-01
5144,7,SANTA CRUZ,71004,FERNÁNDEZ ALONSO,45,212,7,6,199,2020-11-01
5145,7,SANTA CRUZ,71005,SAN PEDRO,45,399,46,1,352,2020-11-01
5146,7,SANTA CRUZ,71101,CONCEPCIÓN,45,289,2,16,271,2020-11-01
5147,7,SANTA CRUZ,71102,SAN JAVIER,45,90,0,12,78,2020-11-01
5148,7,SANTA CRUZ,71104,SAN JULIÁN,45,239,0,28,211,2020-11-01
5149,7,SANTA CRUZ,71106,CUATRO CAÑADAS,45,163,0,28,135,2020-11-01
5150,7,SANTA CRUZ,71401,PUERTO SUAREZ,45,84,0,17,67,2020-11-01
5151,7,SANTA CRUZ,71402,PUERTO QUIJARRO,45,230,6,5,219,2020-11-01
5152,7,SANTA CRUZ,71105,SAN ANTONIO DE LOMERÍO,45,39,0,7,32,2020-11-01
5153,7,SANTA CRUZ,71503,EL PUENTE (SCZ),45,62,0,5,57,2020-11-01
5154,7,SANTA CRUZ,71301,COMARAPA,45,93,16,0,77,2020-11-01
5155,7,SANTA CRUZ,70702,CHARAGUA,45,108,88,1,19,2020-11-01
5156,7,SANTA CRUZ,70904,QUIRUSILLAS,45,13,0,1,12,2020-11-01
5157,7,SANTA CRUZ,71501,ASCENCIÓN DE GUARAYOS,45,84,0,21,63,2020-11-01
5158,7,SANTA CRUZ,71201,SAN MATIAS,45,38,0,0,38,2020-11-01
5159,7,SANTA CRUZ,71502,URUBICHA,45,48,9,2,37,2020-11-01
5160,7,SANTA CRUZ,70707,BOYUIBE,45,59,22,0,37,2020-11-01
5161,7,SANTA CRUZ,70705,GUTIERREZ,45,41,14,1,26,2020-11-01
5162,7,SANTA CRUZ,71403,CARMEN RIVERO TORREZ,45,39,1,4,34,2020-11-01
5163,7,SANTA CRUZ,71302,SAIPINA,45,40,7,0,33,2020-11-01
5164,7,SANTA CRUZ,70805,PUCARA,45,1,0,0,1,2020-11-01
5165,7,SANTA CRUZ,70302,SAN MIGUEL DE VELASCO,45,32,0,3,29,2020-11-01
5166,7,SANTA CRUZ,70303,SAN RAFAEL,45,33,0,0,33,2020-11-01
5167,7,SANTA CRUZ,71103,SAN RAMON,45,153,0,18,135,2020-11-01
5168,8,BENI,80101,TRINIDAD,45,4251,1495,231,2525,2020-11-01
5169,8,BENI,80102,SAN JAVIER(BNI),45,13,0,0,13,2020-11-01
5170,8,BENI,80201,RIBERALTA,45,701,116,66,519,2020-11-01
5171,8,BENI,80202,GUAYARAMERIN,45,491,45,29,417,2020-11-01
5172,8,BENI,80301,REYES,45,89,5,7,77,2020-11-01
5173,8,BENI,80302,SAN BORJA,45,378,25,8,345,2020-11-01
5174,8,BENI,80303,SANTA ROSA,45,175,4,1,170,2020-11-01
5175,8,BENI,80304,RURRENABAQUE,45,381,83,8,290,2020-11-01
5176,8,BENI,80401,SANTA ANA,45,286,34,8,244,2020-11-01
5177,8,BENI,80402,EXALTACION,45,42,0,0,42,2020-11-01
5178,8,BENI,80501,SAN IGNACIO,45,100,0,4,96,2020-11-01
5179,8,BENI,80601,LORETO,45,56,0,2,54,2020-11-01
5180,8,BENI,80602,SAN ANDRES,45,105,0,0,105,2020-11-01
5181,8,BENI,80701,SAN JOAQUIN,45,138,0,6,132,2020-11-01
5182,8,BENI,80702,SAN RAMON BENI,45,96,0,3,93,2020-11-01
5183,8,BENI,80703,PUERTO SILES,45,2,0,0,2,2020-11-01
5184,8,BENI,80801,MAGDALENA,45,7,0,0,7,2020-11-01
5185,9,PANDO,90101,COBIJA,45,1728,1294,157,277,2020-11-01
5186,9,PANDO,90102,PORVENIR,45,30,3,2,25,2020-11-01
5187,9,PANDO,90103,BOLPEBRA,45,46,6,0,40,2020-11-01
5188,9,PANDO,90201,PUERTO RICO,45,149,133,4,12,2020-11-01
5189,9,PANDO,90202,SAN PEDRO(PND),45,19,19,0,0,2020-11-01
5190,9,PANDO,90203,FILADELFIA,45,17,2,1,14,2020-11-01
5191,9,PANDO,90301,PUERTO GONZALO MORENO,45,117,55,0,62,2020-11-01
5192,9,PANDO,90302,SAN LORENZO(PND),45,125,40,0,85,2020-11-01
5193,9,PANDO,90303,SENA,45,44,12,0,32,2020-11-01
5194,9,PANDO,90401,NACEBE (SANTA ROSA DEL ABUNA),45,13,8,1,4,2020-11-01
5195,9,PANDO,90501,NUEVO MANOA (NUEVA ESPERANZA),45,7,7,0,0,2020-11-01
5196,9,PANDO,90502,VILLA NUEVA (LOMA ALTA),45,10,0,0,10,2020-11-01
5197,9,PANDO,90503,EUREKA (SANTOS MERCADO),45,7,7,0,0,2020-11-01
5198,9,PANDO,90104,BELLA FLOR,45,72,46,0,26,2020-11-01
5199,1,CHUQUISACA,10101,SUCRE,46,6513,235,473,5805,2020-11-08
5200,1,CHUQUISACA,10102,YOTALA,46,107,2,1,104,2020-11-08
5201,1,CHUQUISACA,10103,POROMA,46,15,0,0,15,2020-11-08
5202,1,CHUQUISACA,10201,AZURDUY,46,31,2,0,29,2020-11-08
5203,1,CHUQUISACA,10202,TARVITA,46,34,27,0,7,2020-11-08
5204,1,CHUQUISACA,10301,ZUDAÑEZ,46,44,8,0,36,2020-11-08
5205,1,CHUQUISACA,10302,PRESTO,46,76,4,1,71,2020-11-08
5206,1,CHUQUISACA,10303,MOJOCOYA,46,35,8,2,25,2020-11-08
5207,1,CHUQUISACA,10304,ICLA,46,17,2,0,15,2020-11-08
5208,1,CHUQUISACA,10401,PADILLA,46,19,1,0,18,2020-11-08
5209,1,CHUQUISACA,10402,TOMINA,46,23,4,0,19,2020-11-08
5210,1,CHUQUISACA,10403,SOPACHUY,46,37,12,0,25,2020-11-08
5211,1,CHUQUISACA,10404,ALCALA,46,10,0,0,10,2020-11-08
5212,1,CHUQUISACA,10405,EL VILLAR,46,3,1,0,2,2020-11-08
5213,1,CHUQUISACA,10501,MONTEAGUDO,46,184,67,3,114,2020-11-08
5214,1,CHUQUISACA,10502,HUACARETA,46,2,0,0,2,2020-11-08
5215,1,CHUQUISACA,10601,TARABUCO,46,50,9,3,38,2020-11-08
5216,1,CHUQUISACA,10602,YAMPARAEZ,46,74,16,2,56,2020-11-08
5217,1,CHUQUISACA,10701,CAMARGO,46,161,29,8,124,2020-11-08
5218,1,CHUQUISACA,10702,SAN LUCAS,46,96,7,9,80,2020-11-08
5219,1,CHUQUISACA,10703,INCAHUASI,46,48,5,0,43,2020-11-08
5220,1,CHUQUISACA,10704,VILLA CHARCAS,46,63,5,4,54,2020-11-08
5221,1,CHUQUISACA,10801,VILLA SERRANO,46,14,0,0,14,2020-11-08
5222,1,CHUQUISACA,10901,CAMATAQUI (C. VILLA ABECIA),46,9,1,0,8,2020-11-08
5223,1,CHUQUISACA,10902,CULPINA,46,112,21,5,86,2020-11-08
5224,1,CHUQUISACA,10903,LAS CARRERAS,46,17,0,0,17,2020-11-08
5225,1,CHUQUISACA,11001,VILLA VACA GUZMAN (MUYUPAMPA),46,120,75,0,45,2020-11-08
5226,1,CHUQUISACA,11003,MACHARETI,46,8,2,0,6,2020-11-08
5227,2,LA PAZ,20101,LA PAZ,46,23725,2245,739,20741,2020-11-08
5228,2,LA PAZ,20102,PALCA,46,8,3,0,5,2020-11-08
5229,2,LA PAZ,20103,MECAPACA,46,29,4,2,23,2020-11-08
5230,2,LA PAZ,20104,ACHOCALLA,46,58,7,5,46,2020-11-08
5231,2,LA PAZ,20105,EL ALTO,46,9726,904,315,8507,2020-11-08
5232,2,LA PAZ,20201,ACHACACHI,46,38,6,5,27,2020-11-08
5233,2,LA PAZ,20202,ANCORAIMES,46,3,0,0,3,2020-11-08
5234,2,LA PAZ,20203,CHUA COCANI,46,2,0,0,2,2020-11-08
5235,2,LA PAZ,20204,HUARINA,46,1,0,0,1,2020-11-08
5236,2,LA PAZ,20205,SANTIAGO DE HUATA,46,2,0,0,2,2020-11-08
5237,2,LA PAZ,20206,HUATAJATA,46,2,0,0,2,2020-11-08
5238,2,LA PAZ,20301,CORO CORO,46,23,5,1,17,2020-11-08
5239,2,LA PAZ,20302,CAQUIAVIRI,46,1,0,0,1,2020-11-08
5240,2,LA PAZ,20303,CALACOTO,46,4,0,0,4,2020-11-08
5241,2,LA PAZ,20304,COMANCHE,46,11,6,1,4,2020-11-08
5242,2,LA PAZ,20305,CHARAÑA,46,15,4,0,11,2020-11-08
5243,2,LA PAZ,20306,WALDO BALLIVIAN,46,3,1,0,2,2020-11-08
5244,2,LA PAZ,20307,NAZACARA DE PACAJES,46,2,0,0,2,2020-11-08
5245,2,LA PAZ,20401,PUERTO ACOSTA,46,3,0,0,3,2020-11-08
5246,2,LA PAZ,20402,MOCOMOCO,46,2,0,0,2,2020-11-08
5247,2,LA PAZ,20403,PUERTO CARABUCO,46,1,0,0,1,2020-11-08
5248,2,LA PAZ,20405,ESCOMA,46,4,0,1,3,2020-11-08
5249,2,LA PAZ,20501,CHUMA,46,2,0,0,2,2020-11-08
5250,2,LA PAZ,20502,AYATA,46,2,0,0,2,2020-11-08
5251,2,LA PAZ,20601,SORATA,46,15,2,0,13,2020-11-08
5252,2,LA PAZ,20602,GUANAY,46,41,24,1,16,2020-11-08
5253,2,LA PAZ,20603,TACACOMA,46,1,0,0,1,2020-11-08
5254,2,LA PAZ,20606,TIPUANI,46,2,0,1,1,2020-11-08
5255,2,LA PAZ,20607,MAPIRI,46,2,0,1,1,2020-11-08
5256,2,LA PAZ,20608,TEOPONTE,46,8,1,0,7,2020-11-08
5257,2,LA PAZ,20701,APOLO,46,2,0,0,2,2020-11-08
5258,2,LA PAZ,20702,PELECHUCO,46,2,0,0,2,2020-11-08
5259,2,LA PAZ,20801,VIACHA,46,697,81,15,601,2020-11-08
5260,2,LA PAZ,20802,GUAQUI,46,3,0,0,3,2020-11-08
5261,2,LA PAZ,20803,TIAWANACU,46,23,10,0,13,2020-11-08
5262,2,LA PAZ,20804,DESAGUADERO,46,4,0,0,4,2020-11-08
5263,2,LA PAZ,20806,JESUS DE MACHACA,46,14,6,0,8,2020-11-08
5264,2,LA PAZ,20901,LURIBAY,46,1,0,0,1,2020-11-08
5265,2,LA PAZ,20902,SAPAHAQUI,46,8,2,0,6,2020-11-08
5266,2,LA PAZ,20903,YACO,46,4,2,0,2,2020-11-08
5267,2,LA PAZ,20904,MALLA,46,6,0,0,6,2020-11-08
5268,2,LA PAZ,20905,CAIROMA,46,16,0,0,16,2020-11-08
5269,2,LA PAZ,21001,INQUISIVI,46,12,1,0,11,2020-11-08
5270,2,LA PAZ,21002,QUIME,46,14,1,1,12,2020-11-08
5271,2,LA PAZ,21003,CAJUATA,46,2,0,1,1,2020-11-08
5272,2,LA PAZ,21004,COLQUIRI,46,68,0,7,61,2020-11-08
5273,2,LA PAZ,21005,ICHOCA,46,1,0,0,1,2020-11-08
5274,2,LA PAZ,21006,LICOMA PAMPA,46,1,0,0,1,2020-11-08
5275,2,LA PAZ,21101,CHULUMANI (V. DE LA LIBERTAD),46,34,5,5,24,2020-11-08
5276,2,LA PAZ,21102,IRUPANA (VILLA DE LANZA),46,52,5,2,45,2020-11-08
5277,2,LA PAZ,21103,YANACACHI,46,14,5,0,9,2020-11-08
5278,2,LA PAZ,21104,PALOS BLANCOS,46,33,1,3,29,2020-11-08
5279,2,LA PAZ,21105,LA ASUNTA,46,13,3,1,9,2020-11-08
5280,2,LA PAZ,21201,PUCARANI,46,23,1,1,21,2020-11-08
5281,2,LA PAZ,21202,LAJA,46,42,2,6,34,2020-11-08
5282,2,LA PAZ,21203,BATALLAS,46,56,4,2,50,2020-11-08
5283,2,LA PAZ,21204,PUERTO PEREZ,46,2,1,0,1,2020-11-08
5284,2,LA PAZ,21301,SICA SICA (VILLA AROMA),46,12,1,3,8,2020-11-08
5285,2,LA PAZ,21302,UMALA,46,14,0,3,11,2020-11-08
5286,2,LA PAZ,21304,CALAMARCA,46,9,2,0,7,2020-11-08
5287,2,LA PAZ,21305,PATACAMAYA,46,67,1,7,59,2020-11-08
5288,2,LA PAZ,21306,COLQUENCHA,46,5,0,0,5,2020-11-08
5289,2,LA PAZ,21307,COLLANA,46,1,0,0,1,2020-11-08
5290,2,LA PAZ,21401,COROICO,46,26,0,2,24,2020-11-08
5291,2,LA PAZ,21402,CORIPATA,46,39,3,5,31,2020-11-08
5292,2,LA PAZ,21501,IXIAMAS,46,1,0,0,1,2020-11-08
5293,2,LA PAZ,21502,SAN BUENA VENTURA,46,30,16,1,13,2020-11-08
5294,2,LA PAZ,21601,GRAL. J.J. PEREZ (CHARAZANI),46,6,2,0,4,2020-11-08
5295,2,LA PAZ,21701,COPACABANA,46,35,2,0,33,2020-11-08
5296,2,LA PAZ,21702,SAN PEDRO DE TIQUINA,46,6,0,0,6,2020-11-08
5297,2,LA PAZ,21703,TITO YUPANQUI (PARQUIPUJIO),46,1,0,0,1,2020-11-08
5298,2,LA PAZ,21802,PAPEL PAMPA,46,1,0,0,1,2020-11-08
5299,2,LA PAZ,21803,CHACARILLA,46,5,4,0,1,2020-11-08
5300,2,LA PAZ,21901,SANTIAGO DE MACHACA,46,4,0,0,4,2020-11-08
5301,2,LA PAZ,21902,CATACORA,46,2,2,0,0,2020-11-08
5302,2,LA PAZ,22001,CARANAVI,46,66,2,4,60,2020-11-08
5303,2,LA PAZ,22002,ALTO BENI,46,5,1,1,3,2020-11-08
5304,3,COCHABAMBA,30101,COCHABAMBA,46,8427,194,755,7478,2020-11-08
5305,3,COCHABAMBA,30201,AIQUILE,46,48,3,8,37,2020-11-08
5306,3,COCHABAMBA,30202,PASORAPA,46,2,0,0,2,2020-11-08
5307,3,COCHABAMBA,30203,OMEREQUE,46,18,0,2,16,2020-11-08
5308,3,COCHABAMBA,30301,AYOPAYA (V. DE INDEPENDENCIA),46,37,2,3,32,2020-11-08
5309,3,COCHABAMBA,30302,MOROCHATA,46,1,0,1,0,2020-11-08
5310,3,COCHABAMBA,30303,COCAPATA,46,2,0,1,1,2020-11-08
5311,3,COCHABAMBA,30401,TARATA,46,44,2,10,32,2020-11-08
5312,3,COCHABAMBA,30402,ANZALDO,46,19,0,0,19,2020-11-08
5313,3,COCHABAMBA,30403,ARBIETO,46,18,1,6,11,2020-11-08
5314,3,COCHABAMBA,30404,SACABAMBA,46,1,0,0,1,2020-11-08
5315,3,COCHABAMBA,30501,ARANI,46,30,0,6,24,2020-11-08
5316,3,COCHABAMBA,30502,VACAS,46,16,0,1,15,2020-11-08
5317,3,COCHABAMBA,30601,ARQUE,46,4,0,3,1,2020-11-08
5318,3,COCHABAMBA,30602,TACOPAYA,46,5,2,0,3,2020-11-08
5319,3,COCHABAMBA,30701,CAPINOTA,46,108,16,7,85,2020-11-08
5320,3,COCHABAMBA,30702,SANTIVAÑES,46,32,3,2,27,2020-11-08
5321,3,COCHABAMBA,30703,SICAYA,46,8,3,0,5,2020-11-08
5322,3,COCHABAMBA,30801,CLIZA,46,35,2,5,28,2020-11-08
5323,3,COCHABAMBA,30802,TOCO,46,7,0,3,4,2020-11-08
5324,3,COCHABAMBA,30803,TOLATA,46,52,8,5,39,2020-11-08
5325,3,COCHABAMBA,30901,QUILLACOLLO,46,1293,51,112,1130,2020-11-08
5326,3,COCHABAMBA,30902,SIPE SIPE,46,246,19,17,210,2020-11-08
5327,3,COCHABAMBA,30903,TIQUIPAYA,46,256,18,26,212,2020-11-08
5328,3,COCHABAMBA,30904,VINTO,46,262,3,36,223,2020-11-08
5329,3,COCHABAMBA,30905,COLCAPIRHUA,46,201,19,30,152,2020-11-08
5330,3,COCHABAMBA,31001,SACABA,46,898,49,81,768,2020-11-08
5331,3,COCHABAMBA,31002,COLOMI,46,39,6,4,29,2020-11-08
5332,3,COCHABAMBA,31003,VILLA TUNARI,46,166,5,19,142,2020-11-08
5333,3,COCHABAMBA,31101,TAPACARI,46,19,2,5,12,2020-11-08
5334,3,COCHABAMBA,31201,TOTORA(CBBA),46,49,6,1,42,2020-11-08
5335,3,COCHABAMBA,31202,POJO (CBBA),46,17,2,0,15,2020-11-08
5336,3,COCHABAMBA,31203,POCONA,46,17,0,1,16,2020-11-08
5337,3,COCHABAMBA,31204,CHIMORE,46,167,6,13,148,2020-11-08
5338,3,COCHABAMBA,31205,PUERTO VILLARROEL,46,475,20,35,420,2020-11-08
5339,3,COCHABAMBA,31206,ENTRE RIOS CBBA,46,430,0,48,382,2020-11-08
5340,3,COCHABAMBA,31301,MIZQUE,46,92,9,5,78,2020-11-08
5341,3,COCHABAMBA,31302,VILA VILA,46,2,0,0,2,2020-11-08
5342,3,COCHABAMBA,31401,PUNATA,46,139,9,29,101,2020-11-08
5343,3,COCHABAMBA,31402,VILLA RIVERO,46,10,2,1,7,2020-11-08
5344,3,COCHABAMBA,31403,SAN BENITO,46,106,13,11,82,2020-11-08
5345,3,COCHABAMBA,31404,TACACHI,46,1,0,1,0,2020-11-08
5346,3,COCHABAMBA,31405,CUCHUMUELA (V. G. VILLARROEL),46,1,0,0,1,2020-11-08
5347,3,COCHABAMBA,31501,BOLIVAR,46,6,0,0,6,2020-11-08
5348,3,COCHABAMBA,31601,TIRAQUE (CBBA),46,14,0,4,10,2020-11-08
5349,3,COCHABAMBA,31602,SHINAOTA,46,263,14,15,234,2020-11-08
5350,4,ORURO,40101,ORURO,46,4942,1706,258,2978,2020-11-08
5351,4,ORURO,40102,CARACOLLO,46,39,1,10,28,2020-11-08
5352,4,ORURO,40104,SORACACHI,46,2,0,1,1,2020-11-08
5353,4,ORURO,40201,CHALLAPATA,46,236,114,5,117,2020-11-08
5354,4,ORURO,40202,SANTUARIO DE QUILLACAS,46,28,7,0,21,2020-11-08
5355,4,ORURO,40301,CORQUE,46,1,0,0,1,2020-11-08
5356,4,ORURO,40401,CURAHUARA DE CARANGAS,46,12,3,1,8,2020-11-08
5357,4,ORURO,40402,TURCO,46,4,1,0,3,2020-11-08
5358,4,ORURO,40501,HUACHACALLA,46,35,1,5,29,2020-11-08
5359,4,ORURO,40502,ESCARA,46,5,2,0,3,2020-11-08
5360,4,ORURO,40504,YUNGUYO DE LITORAL,46,1,0,0,1,2020-11-08
5361,4,ORURO,40505,ESMERALDA,46,7,0,0,7,2020-11-08
5362,4,ORURO,40601,POOPO,46,30,7,1,22,2020-11-08
5363,4,ORURO,40602,PAZÑA,46,5,1,0,4,2020-11-08
5364,4,ORURO,40603,ANTEQUERA,46,8,0,0,8,2020-11-08
5365,4,ORURO,40701,HUANUNI,46,531,106,25,400,2020-11-08
5366,4,ORURO,40702,MACHACAMARCA,46,39,4,1,34,2020-11-08
5367,4,ORURO,40801,SALINAS DE GARCI MENDOZA,46,13,9,1,3,2020-11-08
5368,4,ORURO,40802,PAMPA AULLAGAS,46,3,1,0,2,2020-11-08
5369,4,ORURO,40901,SABAYA,46,39,2,1,36,2020-11-08
5370,4,ORURO,40902,COIPASA,46,1,0,0,1,2020-11-08
5371,4,ORURO,41001,TOLEDO,46,20,5,2,13,2020-11-08
5372,4,ORURO,41101,EUCALIPTUS,46,44,5,4,35,2020-11-08
5373,4,ORURO,41201,ANDAMARCA,46,5,1,0,4,2020-11-08
5374,4,ORURO,41301,TOTORA(ORR),46,5,5,0,0,2020-11-08
5375,4,ORURO,41401,SANTIAGO DE HUARI,46,24,3,2,19,2020-11-08
5376,4,ORURO,41501,LA RIVERA,46,3,1,0,2,2020-11-08
5377,4,ORURO,41601,HUAYLLAMARCA,46,6,1,2,3,2020-11-08
5378,5,POTOSI,50101,POTOSI,46,4292,1961,145,2186,2020-11-08
5379,5,POTOSI,50102,TINGUIPAYA,46,20,3,0,17,2020-11-08
5380,5,POTOSI,50103,YOCALLA,46,3,2,1,0,2020-11-08
5381,5,POTOSI,50104,BELEN DE URMIRI,46,5,2,0,3,2020-11-08
5382,5,POTOSI,50201,UNCIA,46,457,369,0,88,2020-11-08
5383,5,POTOSI,50202,CHAYANTA,46,47,18,2,27,2020-11-08
5384,5,POTOSI,50203,LLALLAGUA,46,984,565,17,402,2020-11-08
5385,5,POTOSI,50204,CHUQUIHUTA AYLLU JUCUMANI,46,20,8,4,8,2020-11-08
5386,5,POTOSI,50301,BETANZOS,46,292,8,5,279,2020-11-08
5387,5,POTOSI,50302,CHAQUI,46,11,11,0,0,2020-11-08
5388,5,POTOSI,50303,TACOBAMBA,46,36,31,0,5,2020-11-08
5389,5,POTOSI,50401,COLQUECHACA,46,34,26,1,7,2020-11-08
5390,5,POTOSI,50402,RAVELO,46,40,14,1,25,2020-11-08
5391,5,POTOSI,50403,POCOATA,46,43,23,6,14,2020-11-08
5392,5,POTOSI,50404,OCURI,46,81,27,1,53,2020-11-08
5393,5,POTOSI,50501,SAN PEDRO DE BUENA VISTA,46,14,2,1,11,2020-11-08
5394,5,POTOSI,50502,TORO TORO,46,55,7,2,46,2020-11-08
5395,5,POTOSI,50601,COTAGAITA,46,198,159,1,38,2020-11-08
5396,5,POTOSI,50602,VITICHI,46,99,77,0,22,2020-11-08
5397,5,POTOSI,50701,SACACA,46,11,8,3,0,2020-11-08
5398,5,POTOSI,50702,CARIPUYO,46,7,4,0,3,2020-11-08
5399,5,POTOSI,50801,TUPIZA,46,434,65,17,352,2020-11-08
5400,5,POTOSI,50802,ATOCHA,46,115,75,4,36,2020-11-08
5401,5,POTOSI,50901,"COLCHA ""K""",46,384,91,4,289,2020-11-08
5402,5,POTOSI,50902,SAN PEDRO DE QUEMES,46,7,2,0,5,2020-11-08
5403,5,POTOSI,51001,SAN PABLO DE LIPEZ,46,5,0,0,5,2020-11-08
5404,5,POTOSI,51101,PUNA,46,89,49,2,38,2020-11-08
5405,5,POTOSI,51102,"CAIZA ""D""",46,77,32,1,44,2020-11-08
5406,5,POTOSI,51103,CKOCHAS,46,20,0,1,19,2020-11-08
5407,5,POTOSI,51201,UYUNI,46,225,39,21,165,2020-11-08
5408,5,POTOSI,51202,TOMAVE,46,81,26,0,55,2020-11-08
5409,5,POTOSI,51203,PORCO,46,30,11,2,17,2020-11-08
5410,5,POTOSI,51301,ARAMPAMPA,46,6,5,1,0,2020-11-08
5411,5,POTOSI,51302,ACACIO,46,12,12,0,0,2020-11-08
5412,5,POTOSI,51401,LLICA,46,26,7,1,18,2020-11-08
5413,5,POTOSI,51402,TAHUA,46,42,9,1,32,2020-11-08
5414,5,POTOSI,51501,VILLAZON,46,916,511,18,387,2020-11-08
5415,5,POTOSI,51601,SAN AGUSTIN,46,41,3,0,38,2020-11-08
5416,6,TARIJA,60101,TARIJA,46,8685,185,204,8296,2020-11-08
5417,6,TARIJA,60201,PADCAYA,46,495,6,1,488,2020-11-08
5418,6,TARIJA,60202,BERMEJO,46,1600,450,44,1106,2020-11-08
5419,6,TARIJA,60301,YACUIBA,46,2533,1345,96,1092,2020-11-08
5420,6,TARIJA,60302,CARAPARI,46,427,37,3,387,2020-11-08
5421,6,TARIJA,60303,VILLA MONTES,46,1237,477,35,725,2020-11-08
5422,6,TARIJA,60401,URIONDO (A. CONCEPCION),46,237,16,1,220,2020-11-08
5423,6,TARIJA,60402,YUNCHARA,46,42,0,1,41,2020-11-08
5424,6,TARIJA,60501,SAN LORENZO(TJA),46,670,117,5,548,2020-11-08
5425,6,TARIJA,60502,EL PUENTE(TJA),46,173,2,2,169,2020-11-08
5426,6,TARIJA,60601,ENTRE RIOS TRJ,46,392,210,2,180,2020-11-08
5427,7,SANTA CRUZ,70101,SANTA CRUZ,46,29117,1479,2004,25634,2020-11-08
5428,7,SANTA CRUZ,70102,COTOCA,46,1195,47,24,1124,2020-11-08
5429,7,SANTA CRUZ,70103,PORONGO,46,220,23,8,189,2020-11-08
5430,7,SANTA CRUZ,70104,LA GUARDIA,46,1482,158,21,1303,2020-11-08
5431,7,SANTA CRUZ,70105,EL TORNO,46,1169,112,36,1021,2020-11-08
5432,7,SANTA CRUZ,70201,WARNES,46,839,8,97,734,2020-11-08
5433,7,SANTA CRUZ,70202,OKINAWA UNO,46,137,11,26,100,2020-11-08
5434,7,SANTA CRUZ,70301,SAN IGNACIO DE VELASCO,46,348,2,61,285,2020-11-08
5435,7,SANTA CRUZ,70401,BUENA VISTA,46,111,6,0,105,2020-11-08
5436,7,SANTA CRUZ,70402,SAN CARLOS,46,286,12,0,274,2020-11-08
5437,7,SANTA CRUZ,70403,YAPACANI,46,732,22,2,708,2020-11-08
5438,7,SANTA CRUZ,70404,SAN JUAN DE YAPACANI,46,153,36,0,117,2020-11-08
5439,7,SANTA CRUZ,70501,SAN JOSÉ DE CHIQUITOS,46,255,10,23,222,2020-11-08
5440,7,SANTA CRUZ,70502,PAILON,46,414,11,20,383,2020-11-08
5441,7,SANTA CRUZ,70503,ROBORÉ,46,322,59,7,256,2020-11-08
5442,7,SANTA CRUZ,70601,PORTACHUELO,46,261,14,4,243,2020-11-08
5443,7,SANTA CRUZ,70602,SANTA ROSA DEL SARA,46,182,10,0,172,2020-11-08
5444,7,SANTA CRUZ,70603,COLPA BÉLGICA,46,162,7,8,147,2020-11-08
5445,7,SANTA CRUZ,70701,LAGUNILLAS,46,40,33,0,7,2020-11-08
5446,7,SANTA CRUZ,70703,CABEZAS,46,58,2,1,55,2020-11-08
5447,7,SANTA CRUZ,70706,CAMIRI,46,702,199,9,494,2020-11-08
5448,7,SANTA CRUZ,70801,VALLE GRANDE,46,120,0,10,110,2020-11-08
5449,7,SANTA CRUZ,70802,TRIGAL,46,13,2,0,11,2020-11-08
5450,7,SANTA CRUZ,70803,MORO MORO,46,31,1,1,29,2020-11-08
5451,7,SANTA CRUZ,70804,POSTRER VALLE,46,1,1,0,0,2020-11-08
5452,7,SANTA CRUZ,70901,SAMAIPATA,46,34,0,2,32,2020-11-08
5453,7,SANTA CRUZ,70902,PAMPA GRANDE,46,93,0,15,78,2020-11-08
5454,7,SANTA CRUZ,70903,MAIRANA,46,109,0,7,102,2020-11-08
5455,7,SANTA CRUZ,71001,MONTERO,46,3021,9,268,2744,2020-11-08
5456,7,SANTA CRUZ,71002,GRAL. SAAVEDRA,46,72,0,2,70,2020-11-08
5457,7,SANTA CRUZ,71003,MINEROS,46,135,0,11,124,2020-11-08
5458,7,SANTA CRUZ,71004,FERNÁNDEZ ALONSO,46,212,7,6,199,2020-11-08
5459,7,SANTA CRUZ,71005,SAN PEDRO,46,399,46,1,352,2020-11-08
5460,7,SANTA CRUZ,71101,CONCEPCIÓN,46,290,3,16,271,2020-11-08
5461,7,SANTA CRUZ,71102,SAN JAVIER,46,90,0,12,78,2020-11-08
5462,7,SANTA CRUZ,71104,SAN JULIÁN,46,239,0,28,211,2020-11-08
5463,7,SANTA CRUZ,71106,CUATRO CAÑADAS,46,163,0,28,135,2020-11-08
5464,7,SANTA CRUZ,71401,PUERTO SUAREZ,46,84,0,17,67,2020-11-08
5465,7,SANTA CRUZ,71402,PUERTO QUIJARRO,46,230,6,5,219,2020-11-08
5466,7,SANTA CRUZ,71105,SAN ANTONIO DE LOMERÍO,46,39,0,7,32,2020-11-08
5467,7,SANTA CRUZ,71503,EL PUENTE (SCZ),46,62,0,5,57,2020-11-08
5468,7,SANTA CRUZ,71301,COMARAPA,46,94,17,0,77,2020-11-08
5469,7,SANTA CRUZ,70702,CHARAGUA,46,111,91,1,19,2020-11-08
5470,7,SANTA CRUZ,70904,QUIRUSILLAS,46,13,0,1,12,2020-11-08
5471,7,SANTA CRUZ,71501,ASCENCIÓN DE GUARAYOS,46,85,1,21,63,2020-11-08
5472,7,SANTA CRUZ,71201,SAN MATIAS,46,38,0,0,38,2020-11-08
5473,7,SANTA CRUZ,71502,URUBICHA,46,49,10,2,37,2020-11-08
5474,7,SANTA CRUZ,70707,BOYUIBE,46,59,22,0,37,2020-11-08
5475,7,SANTA CRUZ,70705,GUTIERREZ,46,41,14,1,26,2020-11-08
5476,7,SANTA CRUZ,71403,CARMEN RIVERO TORREZ,46,39,1,4,34,2020-11-08
5477,7,SANTA CRUZ,71302,SAIPINA,46,40,7,0,33,2020-11-08
5478,7,SANTA CRUZ,70805,PUCARA,46,1,0,0,1,2020-11-08
5479,7,SANTA CRUZ,70302,SAN MIGUEL DE VELASCO,46,32,0,3,29,2020-11-08
5480,7,SANTA CRUZ,70303,SAN RAFAEL,46,33,0,0,33,2020-11-08
5481,7,SANTA CRUZ,71103,SAN RAMON,46,153,0,18,135,2020-11-08
5482,8,BENI,80101,TRINIDAD,46,4255,1427,232,2596,2020-11-08
5483,8,BENI,80102,SAN JAVIER(BNI),46,13,0,0,13,2020-11-08
5484,8,BENI,80201,RIBERALTA,46,701,116,66,519,2020-11-08
5485,8,BENI,80202,GUAYARAMERIN,46,491,15,29,447,2020-11-08
5486,8,BENI,80301,REYES,46,89,5,7,77,2020-11-08
5487,8,BENI,80302,SAN BORJA,46,378,25,8,345,2020-11-08
5488,8,BENI,80303,SANTA ROSA,46,178,7,1,170,2020-11-08
5489,8,BENI,80304,RURRENABAQUE,46,381,26,8,347,2020-11-08
5490,8,BENI,80401,SANTA ANA,46,286,9,8,269,2020-11-08
5491,8,BENI,80402,EXALTACION,46,42,0,0,42,2020-11-08
5492,8,BENI,80501,SAN IGNACIO,46,100,0,4,96,2020-11-08
5493,8,BENI,80601,LORETO,46,56,0,2,54,2020-11-08
5494,8,BENI,80602,SAN ANDRES,46,105,9,0,96,2020-11-08
5495,8,BENI,80701,SAN JOAQUIN,46,138,0,6,132,2020-11-08
5496,8,BENI,80702,SAN RAMON BENI,46,96,0,3,93,2020-11-08
5497,8,BENI,80703,PUERTO SILES,46,2,0,0,2,2020-11-08
5498,8,BENI,80801,MAGDALENA,46,7,0,0,7,2020-11-08
5499,9,PANDO,90101,COBIJA,46,1736,1298,157,281,2020-11-08
5500,9,PANDO,90102,PORVENIR,46,30,3,2,25,2020-11-08
5501,9,PANDO,90103,BOLPEBRA,46,46,6,0,40,2020-11-08
5502,9,PANDO,90201,PUERTO RICO,46,149,133,4,12,2020-11-08
5503,9,PANDO,90202,SAN PEDRO(PND),46,19,19,0,0,2020-11-08
5504,9,PANDO,90203,FILADELFIA,46,17,2,1,14,2020-11-08
5505,9,PANDO,90301,PUERTO GONZALO MORENO,46,117,53,0,64,2020-11-08
5506,9,PANDO,90302,SAN LORENZO(PND),46,125,40,0,85,2020-11-08
5507,9,PANDO,90303,SENA,46,44,12,0,32,2020-11-08
5508,9,PANDO,90401,NACEBE (SANTA ROSA DEL ABUNA),46,13,8,1,4,2020-11-08
5509,9,PANDO,90501,NUEVO MANOA (NUEVA ESPERANZA),46,7,7,0,0,2020-11-08
5510,9,PANDO,90502,VILLA NUEVA (LOMA ALTA),46,10,0,0,10,2020-11-08
5511,9,PANDO,90503,EUREKA (SANTOS MERCADO),46,7,7,0,0,2020-11-08
5512,9,PANDO,90104,BELLA FLOR,46,72,46,0,26,2020-11-08
5513,1,CHUQUISACA,10101,SUCRE,48,6572,193,475,5904,2020-11-22
5514,1,CHUQUISACA,10102,YOTALA,48,107,0,3,104,2020-11-22
5515,1,CHUQUISACA,10103,POROMA,48,15,0,0,15,2020-11-22
5516,1,CHUQUISACA,10201,AZURDUY,48,31,2,0,29,2020-11-22
5517,1,CHUQUISACA,10202,TARVITA,48,34,27,0,7,2020-11-22
5518,1,CHUQUISACA,10301,ZUDAÑEZ,48,44,6,0,38,2020-11-22
5519,1,CHUQUISACA,10302,PRESTO,48,76,4,1,71,2020-11-22
5520,1,CHUQUISACA,10303,MOJOCOYA,48,35,8,2,25,2020-11-22
5521,1,CHUQUISACA,10304,ICLA,48,17,2,0,15,2020-11-22
5522,1,CHUQUISACA,10401,PADILLA,48,27,8,0,19,2020-11-22
5523,1,CHUQUISACA,10402,TOMINA,48,23,1,0,22,2020-11-22
5524,1,CHUQUISACA,10403,SOPACHUY,48,37,12,0,25,2020-11-22
5525,1,CHUQUISACA,10404,ALCALA,48,10,0,0,10,2020-11-22
5526,1,CHUQUISACA,10405,EL VILLAR,48,3,0,0,3,2020-11-22
5527,1,CHUQUISACA,10501,MONTEAGUDO,48,193,28,3,162,2020-11-22
5528,1,CHUQUISACA,10502,HUACARETA,48,2,0,0,2,2020-11-22
5529,1,CHUQUISACA,10601,TARABUCO,48,52,11,3,38,2020-11-22
5530,1,CHUQUISACA,10602,YAMPARAEZ,48,74,11,2,61,2020-11-22
5531,1,CHUQUISACA,10701,CAMARGO,48,164,25,8,131,2020-11-22
5532,1,CHUQUISACA,10702,SAN LUCAS,48,96,4,9,83,2020-11-22
5533,1,CHUQUISACA,10703,INCAHUASI,48,48,0,0,48,2020-11-22
5534,1,CHUQUISACA,10704,VILLA CHARCAS,48,64,6,4,54,2020-11-22
5535,1,CHUQUISACA,10801,VILLA SERRANO,48,14,0,0,14,2020-11-22
5536,1,CHUQUISACA,10901,CAMATAQUI (C. VILLA ABECIA),48,12,4,0,8,2020-11-22
5537,1,CHUQUISACA,10902,CULPINA,48,114,20,5,89,2020-11-22
5538,1,CHUQUISACA,10903,LAS CARRERAS,48,17,0,0,17,2020-11-22
5539,1,CHUQUISACA,11001,VILLA VACA GUZMAN (MUYUPAMPA),48,132,24,0,108,2020-11-22
5540,1,CHUQUISACA,11003,MACHARETI,48,8,2,0,6,2020-11-22
5541,2,LA PAZ,20101,LA PAZ,48,23894,1349,756,21789,2020-11-22
5542,2,LA PAZ,20102,PALCA,48,8,2,0,6,2020-11-22
5543,2,LA PAZ,20103,MECAPACA,48,29,1,2,26,2020-11-22
5544,2,LA PAZ,20104,ACHOCALLA,48,60,5,5,50,2020-11-22
5545,2,LA PAZ,20105,EL ALTO,48,9814,555,322,8937,2020-11-22
5546,2,LA PAZ,20201,ACHACACHI,48,38,5,5,28,2020-11-22
5547,2,LA PAZ,20202,ANCORAIMES,48,3,0,0,3,2020-11-22
5548,2,LA PAZ,20203,CHUA COCANI,48,2,0,0,2,2020-11-22
5549,2,LA PAZ,20204,HUARINA,48,1,0,0,1,2020-11-22
5550,2,LA PAZ,20205,SANTIAGO DE HUATA,48,3,1,0,2,2020-11-22
5551,2,LA PAZ,20206,HUATAJATA,48,2,0,0,2,2020-11-22
5552,2,LA PAZ,20301,CORO CORO,48,23,2,1,20,2020-11-22
5553,2,LA PAZ,20302,CAQUIAVIRI,48,1,0,0,1,2020-11-22
5554,2,LA PAZ,20303,CALACOTO,48,5,1,0,4,2020-11-22
5555,2,LA PAZ,20304,COMANCHE,48,11,4,1,6,2020-11-22
5556,2,LA PAZ,20305,CHARAÑA,48,15,4,0,11,2020-11-22
5557,2,LA PAZ,20306,WALDO BALLIVIAN,48,3,1,0,2,2020-11-22
5558,2,LA PAZ,20307,NAZACARA DE PACAJES,48,2,0,0,2,2020-11-22
5559,2,LA PAZ,20401,PUERTO ACOSTA,48,3,0,0,3,2020-11-22
5560,2,LA PAZ,20402,MOCOMOCO,48,2,0,0,2,2020-11-22
5561,2,LA PAZ,20403,PUERTO CARABUCO,48,1,0,0,1,2020-11-22
5562,2,LA PAZ,20405,ESCOMA,48,4,0,1,3,2020-11-22
5563,2,LA PAZ,20501,CHUMA,48,2,0,0,2,2020-11-22
5564,2,LA PAZ,20502,AYATA,48,2,0,0,2,2020-11-22
5565,2,LA PAZ,20601,SORATA,48,15,2,0,13,2020-11-22
5566,2,LA PAZ,20602,GUANAY,48,41,6,1,34,2020-11-22
5567,2,LA PAZ,20603,TACACOMA,48,1,0,0,1,2020-11-22
5568,2,LA PAZ,20606,TIPUANI,48,2,0,1,1,2020-11-22
5569,2,LA PAZ,20607,MAPIRI,48,2,0,1,1,2020-11-22
5570,2,LA PAZ,20608,TEOPONTE,48,8,1,0,7,2020-11-22
5571,2,LA PAZ,20701,APOLO,48,2,0,0,2,2020-11-22
5572,2,LA PAZ,20702,PELECHUCO,48,2,0,0,2,2020-11-22
5573,2,LA PAZ,20801,VIACHA,48,703,54,15,634,2020-11-22
5574,2,LA PAZ,20802,GUAQUI,48,3,0,0,3,2020-11-22
5575,2,LA PAZ,20803,TIAWANACU,48,23,3,0,20,2020-11-22
5576,2,LA PAZ,20804,DESAGUADERO,48,4,0,0,4,2020-11-22
5577,2,LA PAZ,20806,JESUS DE MACHACA,48,14,0,0,14,2020-11-22
5578,2,LA PAZ,20901,LURIBAY,48,1,0,0,1,2020-11-22
5579,2,LA PAZ,20902,SAPAHAQUI,48,8,2,0,6,2020-11-22
5580,2,LA PAZ,20903,YACO,48,4,1,0,3,2020-11-22
5581,2,LA PAZ,20904,MALLA,48,6,0,0,6,2020-11-22
5582,2,LA PAZ,20905,CAIROMA,48,16,0,0,16,2020-11-22
5583,2,LA PAZ,21001,INQUISIVI,48,12,0,0,12,2020-11-22
5584,2,LA PAZ,21002,QUIME,48,14,0,1,13,2020-11-22
5585,2,LA PAZ,21003,CAJUATA,48,2,0,1,1,2020-11-22
5586,2,LA PAZ,21004,COLQUIRI,48,68,0,7,61,2020-11-22
5587,2,LA PAZ,21005,ICHOCA,48,1,0,0,1,2020-11-22
5588,2,LA PAZ,21006,LICOMA PAMPA,48,1,0,0,1,2020-11-22
5589,2,LA PAZ,21101,CHULUMANI (V. DE LA LIBERTAD),48,34,0,5,29,2020-11-22
5590,2,LA PAZ,21102,IRUPANA (VILLA DE LANZA),48,52,3,2,47,2020-11-22
5591,2,LA PAZ,21103,YANACACHI,48,14,0,1,13,2020-11-22
5592,2,LA PAZ,21104,PALOS BLANCOS,48,33,0,3,30,2020-11-22
5593,2,LA PAZ,21105,LA ASUNTA,48,13,0,2,11,2020-11-22
5594,2,LA PAZ,21201,PUCARANI,48,23,1,1,21,2020-11-22
5595,2,LA PAZ,21202,LAJA,48,44,2,6,36,2020-11-22
5596,2,LA PAZ,21203,BATALLAS,48,56,2,3,51,2020-11-22
5597,2,LA PAZ,21204,PUERTO PEREZ,48,2,0,1,1,2020-11-22
5598,2,LA PAZ,21301,SICA SICA (VILLA AROMA),48,12,0,3,9,2020-11-22
5599,2,LA PAZ,21302,UMALA,48,14,0,3,11,2020-11-22
5600,2,LA PAZ,21304,CALAMARCA,48,9,0,0,9,2020-11-22
5601,2,LA PAZ,21305,PATACAMAYA,48,67,0,7,60,2020-11-22
5602,2,LA PAZ,21306,COLQUENCHA,48,5,0,0,5,2020-11-22
5603,2,LA PAZ,21307,COLLANA,48,1,0,0,1,2020-11-22
5604,2,LA PAZ,21401,COROICO,48,27,0,2,25,2020-11-22
5605,2,LA PAZ,21402,CORIPATA,48,39,0,5,34,2020-11-22
5606,2,LA PAZ,21501,IXIAMAS,48,1,0,0,1,2020-11-22
5607,2,LA PAZ,21502,SAN BUENA VENTURA,48,30,9,1,20,2020-11-22
5608,2,LA PAZ,21601,GRAL. J.J. PEREZ (CHARAZANI),48,6,1,0,5,2020-11-22
5609,2,LA PAZ,21701,COPACABANA,48,35,1,0,34,2020-11-22
5610,2,LA PAZ,21702,SAN PEDRO DE TIQUINA,48,6,0,0,6,2020-11-22
5611,2,LA PAZ,21703,TITO YUPANQUI (PARQUIPUJIO),48,1,0,0,1,2020-11-22
5612,2,LA PAZ,21802,PAPEL PAMPA,48,1,0,0,1,2020-11-22
5613,2,LA PAZ,21803,CHACARILLA,48,5,0,0,5,2020-11-22
5614,2,LA PAZ,21901,SANTIAGO DE MACHACA,48,4,0,0,4,2020-11-22
5615,2,LA PAZ,21902,CATACORA,48,2,1,0,1,2020-11-22
5616,2,LA PAZ,22001,CARANAVI,48,67,0,4,63,2020-11-22
5617,2,LA PAZ,22002,ALTO BENI,48,5,1,1,3,2020-11-22
5618,3,COCHABAMBA,30101,COCHABAMBA,48,8537,212,764,7561,2020-11-22
5619,3,COCHABAMBA,30201,AIQUILE,48,62,17,8,37,2020-11-22
5620,3,COCHABAMBA,30202,PASORAPA,48,2,0,0,2,2020-11-22
5621,3,COCHABAMBA,30203,OMEREQUE,48,18,0,2,16,2020-11-22
5622,3,COCHABAMBA,30301,AYOPAYA (V. DE INDEPENDENCIA),48,37,2,3,32,2020-11-22
5623,3,COCHABAMBA,30302,MOROCHATA,48,1,0,1,0,2020-11-22
5624,3,COCHABAMBA,30303,COCAPATA,48,2,0,1,1,2020-11-22
5625,3,COCHABAMBA,30401,TARATA,48,45,2,10,33,2020-11-22
5626,3,COCHABAMBA,30402,ANZALDO,48,19,0,0,19,2020-11-22
5627,3,COCHABAMBA,30403,ARBIETO,48,18,1,6,11,2020-11-22
5628,3,COCHABAMBA,30404,SACABAMBA,48,1,0,0,1,2020-11-22
5629,3,COCHABAMBA,30501,ARANI,48,30,0,6,24,2020-11-22
5630,3,COCHABAMBA,30502,VACAS,48,18,0,1,17,2020-11-22
5631,3,COCHABAMBA,30601,ARQUE,48,4,0,3,1,2020-11-22
5632,3,COCHABAMBA,30602,TACOPAYA,48,5,0,0,5,2020-11-22
5633,3,COCHABAMBA,30701,CAPINOTA,48,108,9,7,92,2020-11-22
5634,3,COCHABAMBA,30702,SANTIVAÑES,48,32,1,2,29,2020-11-22
5635,3,COCHABAMBA,30703,SICAYA,48,8,1,0,7,2020-11-22
5636,3,COCHABAMBA,30801,CLIZA,48,36,3,5,28,2020-11-22
5637,3,COCHABAMBA,30802,TOCO,48,7,0,3,4,2020-11-22
5638,3,COCHABAMBA,30803,TOLATA,48,54,7,5,42,2020-11-22
5639,3,COCHABAMBA,30901,QUILLACOLLO,48,1301,37,113,1151,2020-11-22
5640,3,COCHABAMBA,30902,SIPE SIPE,48,247,15,17,215,2020-11-22
5641,3,COCHABAMBA,30903,TIQUIPAYA,48,258,14,26,218,2020-11-22
5642,3,COCHABAMBA,30904,VINTO,48,263,4,36,223,2020-11-22
5643,3,COCHABAMBA,30905,COLCAPIRHUA,48,203,13,30,160,2020-11-22
5644,3,COCHABAMBA,31001,SACABA,48,902,33,83,786,2020-11-22
5645,3,COCHABAMBA,31002,COLOMI,48,39,3,4,32,2020-11-22
5646,3,COCHABAMBA,31003,VILLA TUNARI,48,166,4,19,143,2020-11-22
5647,3,COCHABAMBA,31101,TAPACARI,48,19,1,5,13,2020-11-22
5648,3,COCHABAMBA,31201,TOTORA(CBBA),48,49,6,1,42,2020-11-22
5649,3,COCHABAMBA,31202,POJO (CBBA),48,17,0,0,17,2020-11-22
5650,3,COCHABAMBA,31203,POCONA,48,17,0,1,16,2020-11-22
5651,3,COCHABAMBA,31204,CHIMORE,48,167,6,13,148,2020-11-22
5652,3,COCHABAMBA,31205,PUERTO VILLARROEL,48,475,11,35,429,2020-11-22
5653,3,COCHABAMBA,31206,ENTRE RIOS CBBA,48,430,0,48,382,2020-11-22
5654,3,COCHABAMBA,31301,MIZQUE,48,93,10,5,78,2020-11-22
5655,3,COCHABAMBA,31302,VILA VILA,48,2,0,0,2,2020-11-22
5656,3,COCHABAMBA,31401,PUNATA,48,145,12,30,103,2020-11-22
5657,3,COCHABAMBA,31402,VILLA RIVERO,48,10,1,1,8,2020-11-22
5658,3,COCHABAMBA,31403,SAN BENITO,48,106,4,11,91,2020-11-22
5659,3,COCHABAMBA,31404,TACACHI,48,1,0,1,0,2020-11-22
5660,3,COCHABAMBA,31405,CUCHUMUELA (V. G. VILLARROEL),48,1,0,0,1,2020-11-22
5661,3,COCHABAMBA,31501,BOLIVAR,48,6,0,0,6,2020-11-22
5662,3,COCHABAMBA,31601,TIRAQUE (CBBA),48,14,0,4,10,2020-11-22
5663,3,COCHABAMBA,31602,SHINAOTA,48,263,6,15,242,2020-11-22
5664,4,ORURO,40101,ORURO,48,4999,1288,259,3452,2020-11-22
5665,4,ORURO,40102,CARACOLLO,48,39,0,11,28,2020-11-22
5666,4,ORURO,40104,SORACACHI,48,2,0,1,1,2020-11-22
5667,4,ORURO,40201,CHALLAPATA,48,242,115,5,122,2020-11-22
5668,4,ORURO,40202,SANTUARIO DE QUILLACAS,48,28,7,0,21,2020-11-22
5669,4,ORURO,40301,CORQUE,48,2,1,0,1,2020-11-22
5670,4,ORURO,40401,CURAHUARA DE CARANGAS,48,12,0,1,11,2020-11-22
5671,4,ORURO,40402,TURCO,48,4,1,0,3,2020-11-22
5672,4,ORURO,40501,HUACHACALLA,48,35,0,5,30,2020-11-22
5673,4,ORURO,40502,ESCARA,48,5,0,0,5,2020-11-22
5674,4,ORURO,40504,YUNGUYO DE LITORAL,48,1,0,0,1,2020-11-22
5675,4,ORURO,40505,ESMERALDA,48,7,0,0,7,2020-11-22
5676,4,ORURO,40601,POOPO,48,30,6,1,23,2020-11-22
5677,4,ORURO,40602,PAZÑA,48,5,1,0,4,2020-11-22
5678,4,ORURO,40603,ANTEQUERA,48,8,0,0,8,2020-11-22
5679,4,ORURO,40701,HUANUNI,48,532,87,25,420,2020-11-22
5680,4,ORURO,40702,MACHACAMARCA,48,39,4,1,34,2020-11-22
5681,4,ORURO,40801,SALINAS DE GARCI MENDOZA,48,13,1,1,11,2020-11-22
5682,4,ORURO,40802,PAMPA AULLAGAS,48,3,1,0,2,2020-11-22
5683,4,ORURO,40901,SABAYA,48,39,2,1,36,2020-11-22
5684,4,ORURO,40902,COIPASA,48,1,0,0,1,2020-11-22
5685,4,ORURO,41001,TOLEDO,48,22,5,2,15,2020-11-22
5686,4,ORURO,41101,EUCALIPTUS,48,44,5,4,35,2020-11-22
5687,4,ORURO,41201,ANDAMARCA,48,5,1,0,4,2020-11-22
5688,4,ORURO,41301,TOTORA(ORR),48,5,1,0,4,2020-11-22
5689,4,ORURO,41401,SANTIAGO DE HUARI,48,24,3,2,19,2020-11-22
5690,4,ORURO,41501,LA RIVERA,48,3,0,0,3,2020-11-22
5691,4,ORURO,41601,HUAYLLAMARCA,48,6,0,2,4,2020-11-22
5692,5,POTOSI,50101,POTOSI,48,4339,1877,145,2317,2020-11-22
5693,5,POTOSI,50102,TINGUIPAYA,48,20,0,0,20,2020-11-22
5694,5,POTOSI,50103,YOCALLA,48,3,2,1,0,2020-11-22
5695,5,POTOSI,50104,BELEN DE URMIRI,48,5,2,0,3,2020-11-22
5696,5,POTOSI,50201,UNCIA,48,458,370,0,88,2020-11-22
5697,5,POTOSI,50202,CHAYANTA,48,47,11,2,34,2020-11-22
5698,5,POTOSI,50203,LLALLAGUA,48,984,368,17,599,2020-11-22
5699,5,POTOSI,50204,CHUQUIHUTA AYLLU JUCUMANI,48,20,1,4,15,2020-11-22
5700,5,POTOSI,50301,BETANZOS,48,293,1,5,287,2020-11-22
5701,5,POTOSI,50302,CHAQUI,48,11,0,0,11,2020-11-22
5702,5,POTOSI,50303,TACOBAMBA,48,36,26,0,10,2020-11-22
5703,5,POTOSI,50401,COLQUECHACA,48,34,26,1,7,2020-11-22
5704,5,POTOSI,50402,RAVELO,48,40,14,1,25,2020-11-22
5705,5,POTOSI,50403,POCOATA,48,43,23,6,14,2020-11-22
5706,5,POTOSI,50404,OCURI,48,81,27,1,53,2020-11-22
5707,5,POTOSI,50501,SAN PEDRO DE BUENA VISTA,48,14,2,1,11,2020-11-22
5708,5,POTOSI,50502,TORO TORO,48,55,7,2,46,2020-11-22
5709,5,POTOSI,50601,COTAGAITA,48,203,160,1,42,2020-11-22
5710,5,POTOSI,50602,VITICHI,48,99,77,0,22,2020-11-22
5711,5,POTOSI,50701,SACACA,48,11,8,3,0,2020-11-22
5712,5,POTOSI,50702,CARIPUYO,48,7,4,0,3,2020-11-22
5713,5,POTOSI,50801,TUPIZA,48,522,72,18,432,2020-11-22
5714,5,POTOSI,50802,ATOCHA,48,124,8,5,111,2020-11-22
5715,5,POTOSI,50901,"COLCHA ""K""",48,389,86,4,299,2020-11-22
5716,5,POTOSI,50902,SAN PEDRO DE QUEMES,48,7,2,0,5,2020-11-22
5717,5,POTOSI,51001,SAN PABLO DE LIPEZ,48,9,4,0,5,2020-11-22
5718,5,POTOSI,51101,PUNA,48,89,49,2,38,2020-11-22
5719,5,POTOSI,51102,"CAIZA ""D""",48,77,32,1,44,2020-11-22
5720,5,POTOSI,51103,CKOCHAS,48,20,0,1,19,2020-11-22
5721,5,POTOSI,51201,UYUNI,48,226,40,21,165,2020-11-22
5722,5,POTOSI,51202,TOMAVE,48,81,26,0,55,2020-11-22
5723,5,POTOSI,51203,PORCO,48,30,11,2,17,2020-11-22
5724,5,POTOSI,51301,ARAMPAMPA,48,6,5,1,0,2020-11-22
5725,5,POTOSI,51302,ACACIO,48,12,12,0,0,2020-11-22
5726,5,POTOSI,51401,LLICA,48,26,7,1,18,2020-11-22
5727,5,POTOSI,51402,TAHUA,48,42,6,1,35,2020-11-22
5728,5,POTOSI,51501,VILLAZON,48,922,457,21,444,2020-11-22
5729,5,POTOSI,51601,SAN AGUSTIN,48,41,0,0,41,2020-11-22
5730,6,TARIJA,60101,TARIJA,48,8772,165,215,8392,2020-11-22
5731,6,TARIJA,60201,PADCAYA,48,496,7,1,488,2020-11-22
5732,6,TARIJA,60202,BERMEJO,48,1608,364,45,1199,2020-11-22
5733,6,TARIJA,60301,YACUIBA,48,2540,1212,97,1231,2020-11-22
5734,6,TARIJA,60302,CARAPARI,48,440,19,3,418,2020-11-22
5735,6,TARIJA,60303,VILLA MONTES,48,1277,450,36,791,2020-11-22
5736,6,TARIJA,60401,URIONDO (A. CONCEPCION),48,237,14,1,222,2020-11-22
5737,6,TARIJA,60402,YUNCHARA,48,42,0,1,41,2020-11-22
5738,6,TARIJA,60501,SAN LORENZO(TJA),48,671,35,5,631,2020-11-22
5739,6,TARIJA,60502,EL PUENTE(TJA),48,176,5,2,169,2020-11-22
5740,6,TARIJA,60601,ENTRE RIOS TRJ,48,392,209,2,181,2020-11-22
5741,7,SANTA CRUZ,70101,SANTA CRUZ,48,29486,1640,2040,25806,2020-11-22
5742,7,SANTA CRUZ,70102,COTOCA,48,1197,45,28,1124,2020-11-22
5743,7,SANTA CRUZ,70103,PORONGO,48,222,24,8,190,2020-11-22
5744,7,SANTA CRUZ,70104,LA GUARDIA,48,1498,170,21,1307,2020-11-22
5745,7,SANTA CRUZ,70105,EL TORNO,48,1189,71,36,1082,2020-11-22
5746,7,SANTA CRUZ,70201,WARNES,48,839,0,97,742,2020-11-22
5747,7,SANTA CRUZ,70202,OKINAWA UNO,48,141,3,26,112,2020-11-22
5748,7,SANTA CRUZ,70301,SAN IGNACIO DE VELASCO,48,349,3,61,285,2020-11-22
5749,7,SANTA CRUZ,70401,BUENA VISTA,48,111,6,0,105,2020-11-22
5750,7,SANTA CRUZ,70402,SAN CARLOS,48,286,11,0,275,2020-11-22
5751,7,SANTA CRUZ,70403,YAPACANI,48,735,25,2,708,2020-11-22
5752,7,SANTA CRUZ,70404,SAN JUAN DE YAPACANI,48,153,36,0,117,2020-11-22
5753,7,SANTA CRUZ,70501,SAN JOSÉ DE CHIQUITOS,48,256,11,23,222,2020-11-22
5754,7,SANTA CRUZ,70502,PAILON,48,414,11,20,383,2020-11-22
5755,7,SANTA CRUZ,70503,ROBORÉ,48,332,69,7,256,2020-11-22
5756,7,SANTA CRUZ,70601,PORTACHUELO,48,261,14,4,243,2020-11-22
5757,7,SANTA CRUZ,70602,SANTA ROSA DEL SARA,48,182,10,0,172,2020-11-22
5758,7,SANTA CRUZ,70603,COLPA BÉLGICA,48,162,7,8,147,2020-11-22
5759,7,SANTA CRUZ,70701,LAGUNILLAS,48,40,33,0,7,2020-11-22
5760,7,SANTA CRUZ,70703,CABEZAS,48,59,3,1,55,2020-11-22
5761,7,SANTA CRUZ,70704,CUEVO,48,2,0,0,2,2020-11-22
5762,7,SANTA CRUZ,70706,CAMIRI,48,708,201,9,498,2020-11-22
5763,7,SANTA CRUZ,70801,VALLE GRANDE,48,120,0,10,110,2020-11-22
5764,7,SANTA CRUZ,70802,TRIGAL,48,13,2,0,11,2020-11-22
5765,7,SANTA CRUZ,70803,MORO MORO,48,31,1,1,29,2020-11-22
5766,7,SANTA CRUZ,70804,POSTRER VALLE,48,1,1,0,0,2020-11-22
5767,7,SANTA CRUZ,70901,SAMAIPATA,48,34,0,2,32,2020-11-22
5768,7,SANTA CRUZ,70902,PAMPA GRANDE,48,93,0,15,78,2020-11-22
5769,7,SANTA CRUZ,70903,MAIRANA,48,109,0,7,102,2020-11-22
5770,7,SANTA CRUZ,71001,MONTERO,48,3033,20,268,2745,2020-11-22
5771,7,SANTA CRUZ,71002,GRAL. SAAVEDRA,48,72,0,2,70,2020-11-22
5772,7,SANTA CRUZ,71003,MINEROS,48,135,0,11,124,2020-11-22
5773,7,SANTA CRUZ,71004,FERNÁNDEZ ALONSO,48,212,7,6,199,2020-11-22
5774,7,SANTA CRUZ,71005,SAN PEDRO,48,401,48,1,352,2020-11-22
5775,7,SANTA CRUZ,71101,CONCEPCIÓN,48,291,4,16,271,2020-11-22
5776,7,SANTA CRUZ,71102,SAN JAVIER,48,90,0,12,78,2020-11-22
5777,7,SANTA CRUZ,71104,SAN JULIÁN,48,242,3,28,211,2020-11-22
5778,7,SANTA CRUZ,71106,CUATRO CAÑADAS,48,163,0,28,135,2020-11-22
5779,7,SANTA CRUZ,71401,PUERTO SUAREZ,48,84,0,17,67,2020-11-22
5780,7,SANTA CRUZ,71402,PUERTO QUIJARRO,48,232,8,5,219,2020-11-22
5781,7,SANTA CRUZ,71105,SAN ANTONIO DE LOMERÍO,48,40,1,7,32,2020-11-22
5782,7,SANTA CRUZ,71503,EL PUENTE (SCZ),48,62,0,5,57,2020-11-22
5783,7,SANTA CRUZ,71301,COMARAPA,48,94,12,0,82,2020-11-22
5784,7,SANTA CRUZ,70702,CHARAGUA,48,112,89,1,22,2020-11-22
5785,7,SANTA CRUZ,70904,QUIRUSILLAS,48,13,0,1,12,2020-11-22
5786,7,SANTA CRUZ,71501,ASCENCIÓN DE GUARAYOS,48,85,1,21,63,2020-11-22
5787,7,SANTA CRUZ,71201,SAN MATIAS,48,38,0,0,38,2020-11-22
5788,7,SANTA CRUZ,71502,URUBICHA,48,50,7,2,41,2020-11-22
5789,7,SANTA CRUZ,70707,BOYUIBE,48,59,12,0,47,2020-11-22
5790,7,SANTA CRUZ,70705,GUTIERREZ,48,41,14,1,26,2020-11-22
5791,7,SANTA CRUZ,71403,CARMEN RIVERO TORREZ,48,39,1,4,34,2020-11-22
5792,7,SANTA CRUZ,71302,SAIPINA,48,40,7,0,33,2020-11-22
5793,7,SANTA CRUZ,70805,PUCARA,48,1,0,0,1,2020-11-22
5794,7,SANTA CRUZ,70302,SAN MIGUEL DE VELASCO,48,32,0,3,29,2020-11-22
5795,7,SANTA CRUZ,70303,SAN RAFAEL,48,33,0,0,33,2020-11-22
5796,7,SANTA CRUZ,71103,SAN RAMON,48,153,0,18,135,2020-11-22
5797,8,BENI,80101,TRINIDAD,48,4266,1219,233,2814,2020-11-22
5798,8,BENI,80102,SAN JAVIER(BNI),48,13,0,0,13,2020-11-22
5799,8,BENI,80201,RIBERALTA,48,701,1,66,634,2020-11-22
5800,8,BENI,80202,GUAYARAMERIN,48,491,2,29,460,2020-11-22
5801,8,BENI,80301,REYES,48,92,8,7,77,2020-11-22
5802,8,BENI,80302,SAN BORJA,48,378,3,8,367,2020-11-22
5803,8,BENI,80303,SANTA ROSA,48,178,7,1,170,2020-11-22
5804,8,BENI,80304,RURRENABAQUE,48,384,3,8,373,2020-11-22
5805,8,BENI,80401,SANTA ANA,48,291,14,8,269,2020-11-22
5806,8,BENI,80402,EXALTACION,48,42,0,0,42,2020-11-22
5807,8,BENI,80501,SAN IGNACIO,48,100,0,4,96,2020-11-22
5808,8,BENI,80601,LORETO,48,56,0,2,54,2020-11-22
5809,8,BENI,80602,SAN ANDRES,48,105,0,0,105,2020-11-22
5810,8,BENI,80701,SAN JOAQUIN,48,138,0,6,132,2020-11-22
5811,8,BENI,80702,SAN RAMON BENI,48,96,0,3,93,2020-11-22
5812,8,BENI,80703,PUERTO SILES,48,2,0,0,2,2020-11-22
5813,8,BENI,80801,MAGDALENA,48,7,0,0,7,2020-11-22
5814,9,PANDO,90101,COBIJA,48,1742,1245,158,339,2020-11-22
5815,9,PANDO,90102,PORVENIR,48,30,3,2,25,2020-11-22
5816,9,PANDO,90103,BOLPEBRA,48,46,6,0,40,2020-11-22
5817,9,PANDO,90201,PUERTO RICO,48,149,133,4,12,2020-11-22
5818,9,PANDO,90202,SAN PEDRO(PND),48,19,19,0,0,2020-11-22
5819,9,PANDO,90203,FILADELFIA,48,17,2,1,14,2020-11-22
5820,9,PANDO,90301,PUERTO GONZALO MORENO,48,120,56,0,64,2020-11-22
5821,9,PANDO,90302,SAN LORENZO(PND),48,125,40,0,85,2020-11-22
5822,9,PANDO,90303,SENA,48,44,12,0,32,2020-11-22
5823,9,PANDO,90401,NACEBE (SANTA ROSA DEL ABUNA),48,13,8,1,4,2020-11-22
5824,9,PANDO,90402,INGAVI (HUMAITA),48,1,1,0,0,2020-11-22
5825,9,PANDO,90501,NUEVO MANOA (NUEVA ESPERANZA),48,7,7,0,0,2020-11-22
5826,9,PANDO,90502,VILLA NUEVA (LOMA ALTA),48,10,0,0,10,2020-11-22
5827,9,PANDO,90503,EUREKA (SANTOS MERCADO),48,7,7,0,0,2020-11-22
5828,9,PANDO,90104,BELLA FLOR,48,72,46,0,26,2020-11-22
5829,1,CHUQUISACA,10101,SUCRE,47,6546,189,475,5882,2020-11-15
5830,1,CHUQUISACA,10102,YOTALA,47,107,0,3,104,2020-11-15
5831,1,CHUQUISACA,10103,POROMA,47,15,0,0,15,2020-11-15
5832,1,CHUQUISACA,10201,AZURDUY,47,31,2,0,29,2020-11-15
5833,1,CHUQUISACA,10202,TARVITA,47,34,27,0,7,2020-11-15
5834,1,CHUQUISACA,10301,ZUDAÑEZ,47,44,8,0,36,2020-11-15
5835,1,CHUQUISACA,10302,PRESTO,47,76,4,1,71,2020-11-15
5836,1,CHUQUISACA,10303,MOJOCOYA,47,35,8,2,25,2020-11-15
5837,1,CHUQUISACA,10304,ICLA,47,17,2,0,15,2020-11-15
5838,1,CHUQUISACA,10401,PADILLA,47,19,0,0,19,2020-11-15
5839,1,CHUQUISACA,10402,TOMINA,47,23,1,0,22,2020-11-15
5840,1,CHUQUISACA,10403,SOPACHUY,47,37,12,0,25,2020-11-15
5841,1,CHUQUISACA,10404,ALCALA,47,10,0,0,10,2020-11-15
5842,1,CHUQUISACA,10405,EL VILLAR,47,3,0,0,3,2020-11-15
5843,1,CHUQUISACA,10501,MONTEAGUDO,47,188,41,3,144,2020-11-15
5844,1,CHUQUISACA,10502,HUACARETA,47,2,0,0,2,2020-11-15
5845,1,CHUQUISACA,10601,TARABUCO,47,50,9,3,38,2020-11-15
5846,1,CHUQUISACA,10602,YAMPARAEZ,47,74,16,2,56,2020-11-15
5847,1,CHUQUISACA,10701,CAMARGO,47,161,24,8,129,2020-11-15
5848,1,CHUQUISACA,10702,SAN LUCAS,47,96,4,9,83,2020-11-15
5849,1,CHUQUISACA,10703,INCAHUASI,47,48,5,0,43,2020-11-15
5850,1,CHUQUISACA,10704,VILLA CHARCAS,47,63,5,4,54,2020-11-15
5851,1,CHUQUISACA,10801,VILLA SERRANO,47,14,0,0,14,2020-11-15
5852,1,CHUQUISACA,10901,CAMATAQUI (C. VILLA ABECIA),47,10,2,0,8,2020-11-15
5853,1,CHUQUISACA,10902,CULPINA,47,113,19,5,89,2020-11-15
5854,1,CHUQUISACA,10903,LAS CARRERAS,47,17,0,0,17,2020-11-15
5855,1,CHUQUISACA,11001,VILLA VACA GUZMAN (MUYUPAMPA),47,129,44,0,85,2020-11-15
5856,1,CHUQUISACA,11003,MACHARETI,47,8,2,0,6,2020-11-15
5857,2,LA PAZ,20101,LA PAZ,47,23841,1797,750,21294,2020-11-15
5858,2,LA PAZ,20102,PALCA,47,8,2,0,6,2020-11-15
5859,2,LA PAZ,20103,MECAPACA,47,29,2,2,25,2020-11-15
5860,2,LA PAZ,20104,ACHOCALLA,47,59,5,5,49,2020-11-15
5861,2,LA PAZ,20105,EL ALTO,47,9771,732,320,8719,2020-11-15
5862,2,LA PAZ,20201,ACHACACHI,47,38,6,5,27,2020-11-15
5863,2,LA PAZ,20202,ANCORAIMES,47,3,0,0,3,2020-11-15
5864,2,LA PAZ,20203,CHUA COCANI,47,2,0,0,2,2020-11-15
5865,2,LA PAZ,20204,HUARINA,47,1,0,0,1,2020-11-15
5866,2,LA PAZ,20205,SANTIAGO DE HUATA,47,3,1,0,2,2020-11-15
5867,2,LA PAZ,20206,HUATAJATA,47,2,0,0,2,2020-11-15
5868,2,LA PAZ,20301,CORO CORO,47,23,2,1,20,2020-11-15
5869,2,LA PAZ,20302,CAQUIAVIRI,47,1,0,0,1,2020-11-15
5870,2,LA PAZ,20303,CALACOTO,47,5,1,0,4,2020-11-15
5871,2,LA PAZ,20304,COMANCHE,47,11,4,1,6,2020-11-15
5872,2,LA PAZ,20305,CHARAÑA,47,15,4,0,11,2020-11-15
5873,2,LA PAZ,20306,WALDO BALLIVIAN,47,3,1,0,2,2020-11-15
5874,2,LA PAZ,20307,NAZACARA DE PACAJES,47,2,0,0,2,2020-11-15
5875,2,LA PAZ,20401,PUERTO ACOSTA,47,3,0,0,3,2020-11-15
5876,2,LA PAZ,20402,MOCOMOCO,47,2,0,0,2,2020-11-15
5877,2,LA PAZ,20403,PUERTO CARABUCO,47,1,0,0,1,2020-11-15
5878,2,LA PAZ,20405,ESCOMA,47,4,0,1,3,2020-11-15
5879,2,LA PAZ,20501,CHUMA,47,2,0,0,2,2020-11-15
5880,2,LA PAZ,20502,AYATA,47,2,0,0,2,2020-11-15
5881,2,LA PAZ,20601,SORATA,47,15,2,0,13,2020-11-15
5882,2,LA PAZ,20602,GUANAY,47,41,8,1,32,2020-11-15
5883,2,LA PAZ,20603,TACACOMA,47,1,0,0,1,2020-11-15
5884,2,LA PAZ,20606,TIPUANI,47,2,0,1,1,2020-11-15
5885,2,LA PAZ,20607,MAPIRI,47,2,0,1,1,2020-11-15
5886,2,LA PAZ,20608,TEOPONTE,47,8,1,0,7,2020-11-15
5887,2,LA PAZ,20701,APOLO,47,2,0,0,2,2020-11-15
5888,2,LA PAZ,20702,PELECHUCO,47,2,0,0,2,2020-11-15
5889,2,LA PAZ,20801,VIACHA,47,700,67,15,618,2020-11-15
5890,2,LA PAZ,20802,GUAQUI,47,3,0,0,3,2020-11-15
5891,2,LA PAZ,20803,TIAWANACU,47,23,4,0,19,2020-11-15
5892,2,LA PAZ,20804,DESAGUADERO,47,4,0,0,4,2020-11-15
5893,2,LA PAZ,20806,JESUS DE MACHACA,47,14,1,0,13,2020-11-15
5894,2,LA PAZ,20901,LURIBAY,47,1,0,0,1,2020-11-15
5895,2,LA PAZ,20902,SAPAHAQUI,47,8,2,0,6,2020-11-15
5896,2,LA PAZ,20903,YACO,47,4,1,0,3,2020-11-15
5897,2,LA PAZ,20904,MALLA,47,6,0,0,6,2020-11-15
5898,2,LA PAZ,20905,CAIROMA,47,16,0,0,16,2020-11-15
5899,2,LA PAZ,21001,INQUISIVI,47,12,0,0,12,2020-11-15
5900,2,LA PAZ,21002,QUIME,47,14,0,1,13,2020-11-15
5901,2,LA PAZ,21003,CAJUATA,47,2,0,1,1,2020-11-15
5902,2,LA PAZ,21004,COLQUIRI,47,68,0,7,61,2020-11-15
5903,2,LA PAZ,21005,ICHOCA,47,1,0,0,1,2020-11-15
5904,2,LA PAZ,21006,LICOMA PAMPA,47,1,0,0,1,2020-11-15
5905,2,LA PAZ,21101,CHULUMANI (V. DE LA LIBERTAD),47,34,2,5,27,2020-11-15
5906,2,LA PAZ,21102,IRUPANA (VILLA DE LANZA),47,52,3,2,47,2020-11-15
5907,2,LA PAZ,21103,YANACACHI,47,14,0,1,13,2020-11-15
5908,2,LA PAZ,21104,PALOS BLANCOS,47,33,1,3,29,2020-11-15
5909,2,LA PAZ,21105,LA ASUNTA,47,13,1,1,11,2020-11-15
5910,2,LA PAZ,21201,PUCARANI,47,23,1,1,21,2020-11-15
5911,2,LA PAZ,21202,LAJA,47,44,2,6,36,2020-11-15
5912,2,LA PAZ,21203,BATALLAS,47,56,3,2,51,2020-11-15
5913,2,LA PAZ,21204,PUERTO PEREZ,47,2,0,1,1,2020-11-15
5914,2,LA PAZ,21301,SICA SICA (VILLA AROMA),47,12,0,3,9,2020-11-15
5915,2,LA PAZ,21302,UMALA,47,14,0,3,11,2020-11-15
5916,2,LA PAZ,21304,CALAMARCA,47,9,0,0,9,2020-11-15
5917,2,LA PAZ,21305,PATACAMAYA,47,67,1,7,59,2020-11-15
5918,2,LA PAZ,21306,COLQUENCHA,47,5,0,0,5,2020-11-15
5919,2,LA PAZ,21307,COLLANA,47,1,0,0,1,2020-11-15
5920,2,LA PAZ,21401,COROICO,47,27,0,2,25,2020-11-15
5921,2,LA PAZ,21402,CORIPATA,47,39,0,5,34,2020-11-15
5922,2,LA PAZ,21501,IXIAMAS,47,1,0,0,1,2020-11-15
5923,2,LA PAZ,21502,SAN BUENA VENTURA,47,30,11,1,18,2020-11-15
5924,2,LA PAZ,21601,GRAL. J.J. PEREZ (CHARAZANI),47,6,1,0,5,2020-11-15
5925,2,LA PAZ,21701,COPACABANA,47,35,1,0,34,2020-11-15
5926,2,LA PAZ,21702,SAN PEDRO DE TIQUINA,47,6,0,0,6,2020-11-15
5927,2,LA PAZ,21703,TITO YUPANQUI (PARQUIPUJIO),47,1,0,0,1,2020-11-15
5928,2,LA PAZ,21802,PAPEL PAMPA,47,1,0,0,1,2020-11-15
5929,2,LA PAZ,21803,CHACARILLA,47,5,0,0,5,2020-11-15
5930,2,LA PAZ,21901,SANTIAGO DE MACHACA,47,4,0,0,4,2020-11-15
5931,2,LA PAZ,21902,CATACORA,47,2,1,0,1,2020-11-15
5932,2,LA PAZ,22001,CARANAVI,47,67,0,4,63,2020-11-15
5933,2,LA PAZ,22002,ALTO BENI,47,5,1,1,3,2020-11-15
5934,3,COCHABAMBA,30101,COCHABAMBA,47,8463,199,760,7504,2020-11-15
5935,3,COCHABAMBA,30201,AIQUILE,47,54,9,8,37,2020-11-15
5936,3,COCHABAMBA,30202,PASORAPA,47,2,0,0,2,2020-11-15
5937,3,COCHABAMBA,30203,OMEREQUE,47,18,0,2,16,2020-11-15
5938,3,COCHABAMBA,30301,AYOPAYA (V. DE INDEPENDENCIA),47,37,2,3,32,2020-11-15
5939,3,COCHABAMBA,30302,MOROCHATA,47,1,0,1,0,2020-11-15
5940,3,COCHABAMBA,30303,COCAPATA,47,2,0,1,1,2020-11-15
5941,3,COCHABAMBA,30401,TARATA,47,45,2,10,33,2020-11-15
5942,3,COCHABAMBA,30402,ANZALDO,47,19,0,0,19,2020-11-15
5943,3,COCHABAMBA,30403,ARBIETO,47,18,1,6,11,2020-11-15
5944,3,COCHABAMBA,30404,SACABAMBA,47,1,0,0,1,2020-11-15
5945,3,COCHABAMBA,30501,ARANI,47,30,0,6,24,2020-11-15
5946,3,COCHABAMBA,30502,VACAS,47,18,2,1,15,2020-11-15
5947,3,COCHABAMBA,30601,ARQUE,47,4,0,3,1,2020-11-15
5948,3,COCHABAMBA,30602,TACOPAYA,47,5,0,0,5,2020-11-15
5949,3,COCHABAMBA,30701,CAPINOTA,47,108,14,7,87,2020-11-15
5950,3,COCHABAMBA,30702,SANTIVAÑES,47,32,1,2,29,2020-11-15
5951,3,COCHABAMBA,30703,SICAYA,47,8,3,0,5,2020-11-15
5952,3,COCHABAMBA,30801,CLIZA,47,35,2,5,28,2020-11-15
5953,3,COCHABAMBA,30802,TOCO,47,7,0,3,4,2020-11-15
5954,3,COCHABAMBA,30803,TOLATA,47,53,9,5,39,2020-11-15
5955,3,COCHABAMBA,30901,QUILLACOLLO,47,1298,42,113,1143,2020-11-15
5956,3,COCHABAMBA,30902,SIPE SIPE,47,247,20,17,210,2020-11-15
5957,3,COCHABAMBA,30903,TIQUIPAYA,47,258,17,26,215,2020-11-15
5958,3,COCHABAMBA,30904,VINTO,47,262,3,36,223,2020-11-15
5959,3,COCHABAMBA,30905,COLCAPIRHUA,47,203,21,30,152,2020-11-15
5960,3,COCHABAMBA,31001,SACABA,47,899,35,83,781,2020-11-15
5961,3,COCHABAMBA,31002,COLOMI,47,39,3,4,32,2020-11-15
5962,3,COCHABAMBA,31003,VILLA TUNARI,47,166,4,19,143,2020-11-15
5963,3,COCHABAMBA,31101,TAPACARI,47,19,2,5,12,2020-11-15
5964,3,COCHABAMBA,31201,TOTORA(CBBA),47,49,6,1,42,2020-11-15
5965,3,COCHABAMBA,31202,POJO (CBBA),47,17,2,0,15,2020-11-15
5966,3,COCHABAMBA,31203,POCONA,47,17,0,1,16,2020-11-15
5967,3,COCHABAMBA,31204,CHIMORE,47,167,6,13,148,2020-11-15
5968,3,COCHABAMBA,31205,PUERTO VILLARROEL,47,475,17,35,423,2020-11-15
5969,3,COCHABAMBA,31206,ENTRE RIOS CBBA,47,430,0,48,382,2020-11-15
5970,3,COCHABAMBA,31301,MIZQUE,47,93,10,5,78,2020-11-15
5971,3,COCHABAMBA,31302,VILA VILA,47,2,0,0,2,2020-11-15
5972,3,COCHABAMBA,31401,PUNATA,47,142,9,30,103,2020-11-15
5973,3,COCHABAMBA,31402,VILLA RIVERO,47,10,2,1,7,2020-11-15
5974,3,COCHABAMBA,31403,SAN BENITO,47,106,10,11,85,2020-11-15
5975,3,COCHABAMBA,31404,TACACHI,47,1,0,1,0,2020-11-15
5976,3,COCHABAMBA,31405,CUCHUMUELA (V. G. VILLARROEL),47,1,0,0,1,2020-11-15
5977,3,COCHABAMBA,31501,BOLIVAR,47,6,0,0,6,2020-11-15
5978,3,COCHABAMBA,31601,TIRAQUE (CBBA),47,14,0,4,10,2020-11-15
5979,3,COCHABAMBA,31602,SHINAOTA,47,263,11,15,237,2020-11-15
5980,4,ORURO,40101,ORURO,47,4970,1496,258,3216,2020-11-15
5981,4,ORURO,40102,CARACOLLO,47,39,0,11,28,2020-11-15
5982,4,ORURO,40104,SORACACHI,47,2,0,1,1,2020-11-15
5983,4,ORURO,40201,CHALLAPATA,47,240,117,5,118,2020-11-15
5984,4,ORURO,40202,SANTUARIO DE QUILLACAS,47,28,7,0,21,2020-11-15
5985,4,ORURO,40301,CORQUE,47,1,0,0,1,2020-11-15
5986,4,ORURO,40401,CURAHUARA DE CARANGAS,47,12,2,1,9,2020-11-15
5987,4,ORURO,40402,TURCO,47,4,1,0,3,2020-11-15
5988,4,ORURO,40501,HUACHACALLA,47,35,1,5,29,2020-11-15
5989,4,ORURO,40502,ESCARA,47,5,2,0,3,2020-11-15
5990,4,ORURO,40504,YUNGUYO DE LITORAL,47,1,0,0,1,2020-11-15
5991,4,ORURO,40505,ESMERALDA,47,7,0,0,7,2020-11-15
5992,4,ORURO,40601,POOPO,47,30,6,1,23,2020-11-15
5993,4,ORURO,40602,PAZÑA,47,5,1,0,4,2020-11-15
5994,4,ORURO,40603,ANTEQUERA,47,8,0,0,8,2020-11-15
5995,4,ORURO,40701,HUANUNI,47,532,97,25,410,2020-11-15
5996,4,ORURO,40702,MACHACAMARCA,47,39,4,1,34,2020-11-15
5997,4,ORURO,40801,SALINAS DE GARCI MENDOZA,47,13,1,1,11,2020-11-15
5998,4,ORURO,40802,PAMPA AULLAGAS,47,3,1,0,2,2020-11-15
5999,4,ORURO,40901,SABAYA,47,39,2,1,36,2020-11-15
6000,4,ORURO,40902,COIPASA,47,1,0,0,1,2020-11-15
6001,4,ORURO,41001,TOLEDO,47,22,5,2,15,2020-11-15
6002,4,ORURO,41101,EUCALIPTUS,47,44,5,4,35,2020-11-15
6003,4,ORURO,41201,ANDAMARCA,47,5,1,0,4,2020-11-15
6004,4,ORURO,41301,TOTORA(ORR),47,5,5,0,0,2020-11-15
6005,4,ORURO,41401,SANTIAGO DE HUARI,47,24,3,2,19,2020-11-15
6006,4,ORURO,41501,LA RIVERA,47,3,0,0,3,2020-11-15
6007,4,ORURO,41601,HUAYLLAMARCA,47,6,1,2,3,2020-11-15
6008,5,POTOSI,50101,POTOSI,47,4300,1839,145,2316,2020-11-15
6009,5,POTOSI,50102,TINGUIPAYA,47,20,0,0,20,2020-11-15
6010,5,POTOSI,50103,YOCALLA,47,3,2,1,0,2020-11-15
6011,5,POTOSI,50104,BELEN DE URMIRI,47,5,2,0,3,2020-11-15
6012,5,POTOSI,50201,UNCIA,47,457,369,0,88,2020-11-15
6013,5,POTOSI,50202,CHAYANTA,47,47,18,2,27,2020-11-15
6014,5,POTOSI,50203,LLALLAGUA,47,984,550,17,417,2020-11-15
6015,5,POTOSI,50204,CHUQUIHUTA AYLLU JUCUMANI,47,20,1,4,15,2020-11-15
6016,5,POTOSI,50301,BETANZOS,47,292,8,5,279,2020-11-15
6017,5,POTOSI,50302,CHAQUI,47,11,0,0,11,2020-11-15
6018,5,POTOSI,50303,TACOBAMBA,47,36,26,0,10,2020-11-15
6019,5,POTOSI,50401,COLQUECHACA,47,34,26,1,7,2020-11-15
6020,5,POTOSI,50402,RAVELO,47,40,14,1,25,2020-11-15
6021,5,POTOSI,50403,POCOATA,47,43,23,6,14,2020-11-15
6022,5,POTOSI,50404,OCURI,47,81,27,1,53,2020-11-15
6023,5,POTOSI,50501,SAN PEDRO DE BUENA VISTA,47,14,2,1,11,2020-11-15
6024,5,POTOSI,50502,TORO TORO,47,55,7,2,46,2020-11-15
6025,5,POTOSI,50601,COTAGAITA,47,203,160,1,42,2020-11-15
6026,5,POTOSI,50602,VITICHI,47,99,77,0,22,2020-11-15
6027,5,POTOSI,50701,SACACA,47,11,8,3,0,2020-11-15
6028,5,POTOSI,50702,CARIPUYO,47,7,4,0,3,2020-11-15
6029,5,POTOSI,50801,TUPIZA,47,497,54,17,426,2020-11-15
6030,5,POTOSI,50802,ATOCHA,47,124,30,5,89,2020-11-15
6031,5,POTOSI,50901,"COLCHA ""K""",47,385,85,4,296,2020-11-15
6032,5,POTOSI,50902,SAN PEDRO DE QUEMES,47,7,2,0,5,2020-11-15
6033,5,POTOSI,51001,SAN PABLO DE LIPEZ,47,5,0,0,5,2020-11-15
6034,5,POTOSI,51101,PUNA,47,89,49,2,38,2020-11-15
6035,5,POTOSI,51102,"CAIZA ""D""",47,77,32,1,44,2020-11-15
6036,5,POTOSI,51103,CKOCHAS,47,20,0,1,19,2020-11-15
6037,5,POTOSI,51201,UYUNI,47,226,40,21,165,2020-11-15
6038,5,POTOSI,51202,TOMAVE,47,81,26,0,55,2020-11-15
6039,5,POTOSI,51203,PORCO,47,30,11,2,17,2020-11-15
6040,5,POTOSI,51301,ARAMPAMPA,47,6,5,1,0,2020-11-15
6041,5,POTOSI,51302,ACACIO,47,12,12,0,0,2020-11-15
6042,5,POTOSI,51401,LLICA,47,26,7,1,18,2020-11-15
6043,5,POTOSI,51402,TAHUA,47,42,9,1,32,2020-11-15
6044,5,POTOSI,51501,VILLAZON,47,917,492,21,404,2020-11-15
6045,5,POTOSI,51601,SAN AGUSTIN,47,41,0,0,41,2020-11-15
6046,6,TARIJA,60101,TARIJA,47,8726,168,211,8347,2020-11-15
6047,6,TARIJA,60201,PADCAYA,47,495,6,1,488,2020-11-15
6048,6,TARIJA,60202,BERMEJO,47,1606,371,44,1191,2020-11-15
6049,6,TARIJA,60301,YACUIBA,47,2537,1297,96,1144,2020-11-15
6050,6,TARIJA,60302,CARAPARI,47,432,28,3,401,2020-11-15
6051,6,TARIJA,60303,VILLA MONTES,47,1263,457,35,771,2020-11-15
6052,6,TARIJA,60401,URIONDO (A. CONCEPCION),47,237,16,1,220,2020-11-15
6053,6,TARIJA,60402,YUNCHARA,47,42,0,1,41,2020-11-15
6054,6,TARIJA,60501,SAN LORENZO(TJA),47,671,60,5,606,2020-11-15
6055,6,TARIJA,60502,EL PUENTE(TJA),47,173,2,2,169,2020-11-15
6056,6,TARIJA,60601,ENTRE RIOS TRJ,47,392,209,2,181,2020-11-15
6057,7,SANTA CRUZ,70101,SANTA CRUZ,47,29311,1609,2020,25682,2020-11-15
6058,7,SANTA CRUZ,70102,COTOCA,47,1195,43,28,1124,2020-11-15
6059,7,SANTA CRUZ,70103,PORONGO,47,220,23,8,189,2020-11-15
6060,7,SANTA CRUZ,70104,LA GUARDIA,47,1492,165,21,1306,2020-11-15
6061,7,SANTA CRUZ,70105,EL TORNO,47,1175,68,36,1071,2020-11-15
6062,7,SANTA CRUZ,70201,WARNES,47,839,5,97,737,2020-11-15
6063,7,SANTA CRUZ,70202,OKINAWA UNO,47,139,11,26,102,2020-11-15
6064,7,SANTA CRUZ,70301,SAN IGNACIO DE VELASCO,47,348,2,61,285,2020-11-15
6065,7,SANTA CRUZ,70401,BUENA VISTA,47,111,6,0,105,2020-11-15
6066,7,SANTA CRUZ,70402,SAN CARLOS,47,286,12,0,274,2020-11-15
6067,7,SANTA CRUZ,70403,YAPACANI,47,733,23,2,708,2020-11-15
6068,7,SANTA CRUZ,70404,SAN JUAN DE YAPACANI,47,153,36,0,117,2020-11-15
6069,7,SANTA CRUZ,70501,SAN JOSÉ DE CHIQUITOS,47,256,11,23,222,2020-11-15
6070,7,SANTA CRUZ,70502,PAILON,47,414,11,20,383,2020-11-15
6071,7,SANTA CRUZ,70503,ROBORÉ,47,327,64,7,256,2020-11-15
6072,7,SANTA CRUZ,70601,PORTACHUELO,47,261,14,4,243,2020-11-15
6073,7,SANTA CRUZ,70602,SANTA ROSA DEL SARA,47,182,10,0,172,2020-11-15
6074,7,SANTA CRUZ,70603,COLPA BÉLGICA,47,162,7,8,147,2020-11-15
6075,7,SANTA CRUZ,70701,LAGUNILLAS,47,40,33,0,7,2020-11-15
6076,7,SANTA CRUZ,70703,CABEZAS,47,59,3,1,55,2020-11-15
6077,7,SANTA CRUZ,70704,CUEVO,47,2,2,0,0,2020-11-15
6078,7,SANTA CRUZ,70706,CAMIRI,47,706,203,9,494,2020-11-15
6079,7,SANTA CRUZ,70801,VALLE GRANDE,47,120,0,10,110,2020-11-15
6080,7,SANTA CRUZ,70802,TRIGAL,47,13,2,0,11,2020-11-15
6081,7,SANTA CRUZ,70803,MORO MORO,47,31,1,1,29,2020-11-15
6082,7,SANTA CRUZ,70804,POSTRER VALLE,47,1,1,0,0,2020-11-15
6083,7,SANTA CRUZ,70901,SAMAIPATA,47,34,0,2,32,2020-11-15
6084,7,SANTA CRUZ,70902,PAMPA GRANDE,47,93,0,15,78,2020-11-15
6085,7,SANTA CRUZ,70903,MAIRANA,47,109,0,7,102,2020-11-15
6086,7,SANTA CRUZ,71001,MONTERO,47,3030,17,268,2745,2020-11-15
6087,7,SANTA CRUZ,71002,GRAL. SAAVEDRA,47,72,0,2,70,2020-11-15
6088,7,SANTA CRUZ,71003,MINEROS,47,135,0,11,124,2020-11-15
6089,7,SANTA CRUZ,71004,FERNÁNDEZ ALONSO,47,212,7,6,199,2020-11-15
6090,7,SANTA CRUZ,71005,SAN PEDRO,47,400,47,1,352,2020-11-15
6091,7,SANTA CRUZ,71101,CONCEPCIÓN,47,290,3,16,271,2020-11-15
6092,7,SANTA CRUZ,71102,SAN JAVIER,47,90,0,12,78,2020-11-15
6093,7,SANTA CRUZ,71104,SAN JULIÁN,47,241,2,28,211,2020-11-15
6094,7,SANTA CRUZ,71106,CUATRO CAÑADAS,47,163,0,28,135,2020-11-15
6095,7,SANTA CRUZ,71401,PUERTO SUAREZ,47,84,0,17,67,2020-11-15
6096,7,SANTA CRUZ,71402,PUERTO QUIJARRO,47,231,7,5,219,2020-11-15
6097,7,SANTA CRUZ,71105,SAN ANTONIO DE LOMERÍO,47,39,0,7,32,2020-11-15
6098,7,SANTA CRUZ,71503,EL PUENTE (SCZ),47,62,0,5,57,2020-11-15
6099,7,SANTA CRUZ,71301,COMARAPA,47,94,12,0,82,2020-11-15
6100,7,SANTA CRUZ,70702,CHARAGUA,47,111,91,1,19,2020-11-15
6101,7,SANTA CRUZ,70904,QUIRUSILLAS,47,13,0,1,12,2020-11-15
6102,7,SANTA CRUZ,71501,ASCENCIÓN DE GUARAYOS,47,85,1,21,63,2020-11-15
6103,7,SANTA CRUZ,71201,SAN MATIAS,47,38,0,0,38,2020-11-15
6104,7,SANTA CRUZ,71502,URUBICHA,47,50,7,2,41,2020-11-15
6105,7,SANTA CRUZ,70707,BOYUIBE,47,59,12,0,47,2020-11-15
6106,7,SANTA CRUZ,70705,GUTIERREZ,47,41,14,1,26,2020-11-15
6107,7,SANTA CRUZ,71403,CARMEN RIVERO TORREZ,47,39,1,4,34,2020-11-15
6108,7,SANTA CRUZ,71302,SAIPINA,47,40,7,0,33,2020-11-15
6109,7,SANTA CRUZ,70805,PUCARA,47,1,0,0,1,2020-11-15
6110,7,SANTA CRUZ,70302,SAN MIGUEL DE VELASCO,47,32,0,3,29,2020-11-15
6111,7,SANTA CRUZ,70303,SAN RAFAEL,47,33,0,0,33,2020-11-15
6112,7,SANTA CRUZ,71103,SAN RAMON,47,153,0,18,135,2020-11-15
6113,8,BENI,80101,TRINIDAD,47,4263,1282,232,2749,2020-11-15
6114,8,BENI,80102,SAN JAVIER(BNI),47,13,0,0,13,2020-11-15
6115,8,BENI,80201,RIBERALTA,47,701,116,66,519,2020-11-15
6116,8,BENI,80202,GUAYARAMERIN,47,491,2,29,460,2020-11-15
6117,8,BENI,80301,REYES,47,89,5,7,77,2020-11-15
6118,8,BENI,80302,SAN BORJA,47,378,3,8,367,2020-11-15
6119,8,BENI,80303,SANTA ROSA,47,178,7,1,170,2020-11-15
6120,8,BENI,80304,RURRENABAQUE,47,381,26,8,347,2020-11-15
6121,8,BENI,80401,SANTA ANA,47,291,14,8,269,2020-11-15
6122,8,BENI,80402,EXALTACION,47,42,0,0,42,2020-11-15
6123,8,BENI,80501,SAN IGNACIO,47,100,0,4,96,2020-11-15
6124,8,BENI,80601,LORETO,47,56,0,2,54,2020-11-15
6125,8,BENI,80602,SAN ANDRES,47,105,9,0,96,2020-11-15
6126,8,BENI,80701,SAN JOAQUIN,47,138,0,6,132,2020-11-15
6127,8,BENI,80702,SAN RAMON BENI,47,96,0,3,93,2020-11-15
6128,8,BENI,80703,PUERTO SILES,47,2,0,0,2,2020-11-15
6129,8,BENI,80801,MAGDALENA,47,7,0,0,7,2020-11-15
6130,9,PANDO,90101,COBIJA,47,1738,1289,157,292,2020-11-15
6131,9,PANDO,90102,PORVENIR,47,30,3,2,25,2020-11-15
6132,9,PANDO,90103,BELLA FLOR,47,72,46,0,26,2020-11-15
6133,9,PANDO,90103,BOLPEBRA,47,46,6,0,40,2020-11-15
6134,9,PANDO,90201,PUERTO RICO,47,149,133,4,12,2020-11-15
6135,9,PANDO,90202,SAN PEDRO(PND),47,19,19,0,0,2020-11-15
6136,9,PANDO,90203,FILADELFIA,47,17,2,1,14,2020-11-15
6137,9,PANDO,90301,PUERTO GONZALO MORENO,47,117,53,0,64,2020-11-15
6138,9,PANDO,90302,SAN LORENZO(PND),47,125,40,0,85,2020-11-15
6139,9,PANDO,90303,SENA,47,44,12,0,32,2020-11-15
6140,9,PANDO,90401,NACEBE (SANTA ROSA DEL ABUNA),47,13,8,1,4,2020-11-15
6141,9,PANDO,90501,NUEVO MANOA (NUEVA ESPERANZA),47,7,7,0,0,2020-11-15
6142,9,PANDO,90502,VILLA NUEVA (LOMA ALTA),47,10,0,0,10,2020-11-15
6143,9,PANDO,90503,EUREKA (SANTOS MERCADO),47,7,7,0,0,2020-11-15
